0
0
0
0
0
0
23645
40023
24151
39514
24156
40028
23646
40546
23134
41054
23142
41060
22630
41064
23146
41066
23144
41064
22632
41066
22632
41068
23148
41064
22632
41062
22630
41064
22632
41064
22628
41060
22628
41568
22626
41568
22622
41056
23140
41056
23140
41060
23136
41056
23136
41056
23136
41052
23134
40542
23134
40542
23134
40544
23134
40542
23134
40542
23130
40540
23648
40540
23648
40540
23644
40542
23134
40540
23644
40542
23644
40538
23132
40536
23128
40532
23130
40534
23126
40534
23126
41046
23124
41040
23124
40530
23122
41040
23120
41040
22604
41038
23118
41036
23116
41036
23114
40522
23116
41036
23116
40524
23114
41034
23116
41032
23112
41034
23114
41030
22598
41032
23112
40520
23110
40518
23112
41032
23108
41028
23108
40516
23108
40516
23110
40518
23108
40516
23622
40518
23622
40004
23622
40008
23624
40008
24136
39498
24138
39496
24136
40008
24134
39494
24140
39494
24136
39494
24648
39496
24136
39492
24136
39492
24136
39492
24132
39492
24646
39494
24646
39494
24132
39494
24646
38982
24646
38980
24646
38982
24646
38982
25160
38980
25160
38982
25158
38468
25156
38472
25156
38468
25156
38984
25158
38470
25156
38472
25158
38470
25158
38470
25160
38470
25670
38470
25670
37958
25670
38470
25670
38472
25672
37958
25670
37958
25670
37960
25670
37958
25672
37960
26182
37958
26184
37956
26184
37446
26186
37956
26184
37960
26184
37448
26186
37450
26184
37448
26184
37450
26184
37958
26184
37448
26186
37960
26186
37960
26184
37962
26184
37958
26186
37960
26184
37962
26184
37450
26188
37450
26186
37962
26186
37452
26188
37454
26188
37452
26188
37456
26190
37962
26190
37452
26188
37966
26188
37964
25676
37964
26188
37966
25674
37964
25678
37962
25678
37964
25674
38476
25676
38476
25674
38476
25162
38476
25162
38474
25160
38980
25160
38982
24646
38980
24646
38982
25158
38982
24644
38982
24644
38982
24644
39492
24646
39490
24644
39492
24644
39494
24134
39492
24646
39494
24648
39492
24132
39494
24646
39496
24132
39492
24132
39494
24136
39494
24648
38982
24650
39496
24134
39494
24134
39494
24136
39496
24136
39496
24136
39498
24138
40006
24134
40008
24136
40008
24132
40008
24138
40008
23622
40008
23620
40008
23622
40518
23622
40518
23110
40520
23110
40520
23112
40518
23112
40520
23110
41032
23112
41032
23112
41036
23112
41032
23116
40522
23118
41032
22602
41034
22600
41032
22600
41544
22600
41034
22602
41544
22090
41544
22090
41544
22092
42060
22088
42056
21578
42054
21576
42568
21060
42568
21060
42568
21064
43078
20550
43078
20550
43588
20036
43588
20036
43590
20038
44096
19524
42048
27684
41504
18496
45116
22076
37412
25116
38432
25120
38432
25120
37920
25118
37406
21540
46136
17980
42556
26656
42528
17980
46140
17468
43064
26656
43044
16952
46140
16956
43064
26656
43552
16440
46652
16954
43574
26656
43554
16950
46140
16440
43576
26656
43552
16440
46652
16440
44084
26144
44064
16436
43576
25120
39964
25628
44060
19508
38432
23580
38940
23580
38936
20000
48180
20020
38944
24092
38940
23580
38428
19996
48692
19508
38944
23580
39448
23580
38940
19484
48692
19508
37404
18972
44592
26656
44572
15412
47668
15416
44592
26652
44576
15408
48180
15412
44596
26652
44576
15408
48180
15924
48688
19504
37920
23576
38936
24088
37912
20000
49196
19504
37916
23576
38936
24088
38426
19996
49710
19504
37916
24088
38936
24088
38936
24088
37912
18972
45096
26140
40472
26136
49690
13870
43032
13338
49708
19994
46104
20502
49690
13868
42008
13850
49196
20506
45591
20503
49690
13868
42008
14362
49706
22554
49176
14380
42520
18456
42008
42518
14362
14362
14362
0
0
0
0
0
0
