0
0
0
0
0
0
38942
26144
38944
26146
38944
26142
39452
25628
39960
25626
39962
25114
39964
25628
39454
25632
38944
26142
39456
25628
39452
25626
39960
25114
39960
25626
39450
25630
39454
26144
38942
26144
39452
25628
39962
25626
39960
25112
39960
25114
39962
25628
39454
26142
39454
26141
39453
25626
39450
25624
39960
25112
39962
25112
39962
25114
38426
28176
37390
28688
38414
27164
35854
27152
39962
25626
39960
25114
38422
29198
38924
25112
39960
25114
38426
28686
38416
25628
39452
25628
38426
28686
36878
28684
38414
25624
39960
25112
38422
29198
38414
25622
39450
25626
38426
28688
38414
25626
39452
25626
39449
26647
35854
26636
39958
25112
39960
26646
35852
26638
39960
23576
42010
24602
38926
24590
41498
23578
40473
26125
39948
26124
40973
23063
40983
25612
39947
25612
39948
26123
40973
23064
40472
26125
39437
26125
39437
26637
39949
24090
39961
27149
39949
24088
40472
27148
40460
23574
42006
23063
40982
26636
40460
23575
41496
24089
39961
27149
39949
24089
39960
27149
39949
25111
37901
25100
39958
27148
38923
27147
39948
25109
37900
25100
39958
27148
38924
27148
39948
25624
37389
25613
39448
27661
39437
26136
37389
27148
37388
26124
39446
28172
39436
25622
37387
27147
37387
25612
39957
28172
39436
26134
37388
27148
37388
26124
38935
28173
37388
28172
37388
28172
37388
28684
38413
25111
38422
28684
37388
28171
37387
28683
38411
25110
38421
28684
37387
28171
37387
28683
38412
25623
39447
26136
39447
27160
35852
27149
38935
26136
38935
27157
35852
27148
39445
26134
39445
27158
35339
27148
37909
29708
37901
26134
37398
29197
36363
29196
36364
29708
37388
26135
37398
29708
36363
29195
35851
29707
37387
26133
37396
29708
36362
29195
36363
29706
37900
27668
35340
29195
35339
28172
38422
28182
34828
28172
38421
27159
38422
28181
34828
28171
38421
27157
38421
27668
34827
27660
38420
26646
38421
28181
34828
28172
38421
27158
38423
28181
34315
28172
37910
27158
37910
28692
34316
28171
38420
27157
36884
30220
35850
29706
35339
29707
35338
29707
35339
30218
36364
27157
37911
28693
34316
28683
37909
27671
37909
27670
37910
27157
37909
27157
37909
27157
37909
27158
37909
27669
37910
27670
37398
27670
37398
27670
37397
27670
37398
27670
37397
27669
37397
27669
37397
27669
37397
27669
37398
28181
37398
28182
37398
28181
37398
28181
37397
27669
37397
27669
37397
27669
37397
27669
37397
27670
37397
28181
37398
28182
37398
27670
37397
28181
37398
28181
37397
28181
37397
28181
37397
28181
36886
28181
36885
28182
36885
28182
36885
28181
36886
28181
36885
28181
36885
28181
36885
28181
36885
28182
36885
28181
36886
28181
36886
28181
36886
28181
36885
28181
36885
28181
36885
28181
36884
28181
37397
28181
36884
28181
36885
28182
36885
28181
36885
28181
36885
28180
36885
28181
36885
28181
36884
28181
36885
28181
36885
28180
36885
28181
36885
28181
37397
28180
37397
28181
37396
28180
37397
27668
37396
27669
37396
27668
37396
27668
37396
27668
37396
27668
37396
27668
37396
27668
37395
27668
37396
27667
37396
27668
37396
27667
37396
27668
37395
27668
37907
27668
37907
27668
37908
27667
37908
27667
37907
27156
37907
27155
37908
27155
37907
27155
37908
27155
37907
27155
37907
27156
37907
27155
37907
27155
37907
27155
37907
27155
37907
27156
37907
27155
37907
27155
38419
27154
38419
27155
38418
26643
38419
26642
38419
26642
38419
26642
38419
26642
38419
26643
38418
26643
38418
26643
38930
26130
38930
26642
38930
26642
38930
26130
39442
26130
39441
26130
39442
26130
39442
26130
39442
25618
39441
25618
39442
26130
39441
26130
39441
25618
25618
39441
39441
39441
0
0
0
0
0
0