0
0
0
0
0
0
0
0
0
0
0
0
0
0
0
0
0
0
0
0
0
0
0
0
0
0
0
0
0
0
0
0
0
0
0
0
0
0
25154
38976
24640
39486
24638
39490
24644
39492
24130
40000
23617
40515
23622
40516
23108
40514
23620
40518
23106
41026
23106
40516
23106
40514
23106
41024
23106
41025
23107
41024
22592
41024
22590
41026
23105
41536
22589
41532
22078
41535
22079
42046
22076
42044
22076
42044
21563
42043
21564
42554
21562
42554
21048
43066
21050
43064
20536
43062
20534
43574
20536
43574
20536
43576
20022
44086
20022
44086
20024
44086
20022
43576
20022
43574
20022
44086
19510
44600
19512
45110
18996
45110
19000
45110
18998
45110
18484
45110
18484
45110
18998
45108
18998
45108
18486
45108
18484
45108
18486
45108
18486
45107
17971
46132
17970
46132
17970
46132
17970
46130
17458
46642
17458
46130
17458
46640
16944
47152
16944
47150
16944
47150
16942
47150
16944
47150
16942
47151
16431
47150
16428
47660
16430
47660
16428
47660
16428
47662
16427
47659
15916
47658
15916
48170
16426
47146
16938
46634
16940
47658
15914
48680
15400
48680
15400
48680
15400
48170
15400
48680
15398
48680
15400
48678
15912
48168
15912
47654
15912
48166
15912
48166
15910
47656
16422
47655
16423
47142
16422
47654
15910
48166
15908
48166
16424
47654
16422
47654
15910
47652
15910
48164
15910
47652
16422
47142
16934
46630
16934
47140
16422
47142
16420
47140
16933
47141
16932
46628
16932
46628
16934
47140
16932
47140
16930
46628
17444
46626
16932
46628
17444
46628
17444
46628
17442
46626
16932
46626
17444
46626
16932
47138
16930
47138
16930
47138
16930
47138
16930
47138
16930
47138
16929
47137
16418
47136
16418
47136
16928
47136
16928
47138
16928
47136
16930
47136
16928
46624
16928
46624
17440
46624
16930
46624
16926
46626
16928
47134
16928
47136
16416
47136
16928
47136
16926
47136
16416
47648
16416
47648
16414
47648
16416
47646
16416
47648
16414
47648
16416
47648
16415
47647
16414
47648
16414
47648
16414
47136
16414
47136
16928
47134
16416
47648
16414
47646
15904
47646
15902
48158
15904
48158
15904
48160
15902
48160
15390
48158
15392
48670
15390
48158
15390
48160
15390
48672
15390
48160
15390
48672
15390
48670
14880
48670
14878
48672
14878
48670
14880
48670
14878
49182
14880
49182
14878
49182
14878
49182
14878
49182
14366
49182
14368
49180
14366
49694
14366
49694
13854
49694
14366
49694
13854
49694
13854
49694
14366
50206
13854
50206
13854
49694
13854
50206
13854
50206
13854
49693
13853
50206
13854
49692
13854
50206
13852
50206
13854
49694
13852
50206
13854
50204
13342
50716
13342
50204
13340
50206
13340
50718
12828
50716
12830
50716
12828
51228
12828
51228
12828
51228
12316
51228
12316
51230
12316
51228
12316
47130
25102
47120
12314
51228
17434
40464
22030
41486
22542
41486
22541
40973
22030
40462
17424
51738
12316
47130
25102
47120
12314
51228
11802
47130
25104
47118
11802
51228
11802
47130
25104
47630
11802
51228
11804
47642
25104
47630
12314
50716
11802
47130
25102
47632
11802
51226
12316
47128
24592
47120
12314
46618
23566
42510
23566
47632
16408
40464
21004
40974
21518
40462
16910
52762
16922
40464
22028
40974
21518
40462
16910
52250
16924
40462
21518
41998
21518
40974
16400
52250
16410
38928
15886
47642
24590
47632
11802
51738
11804
47642
24590
47632
11802
51226
11804
47642
24592
47630
11802
51740
12314
52252
16408
39952
21516
40974
22028
40462
16910
52762
16920
39950
21518
40974
21516
40462
16912
52760
16410
40462
21518
40974
21516
41486
22028
40462
15886
47640
23566
42508
24078
48142
15384
38926
15376
47638
23568
42508
23566
48144
15894
38416
15374
47640
23566
42510
24076
48142
15384
38926
15886
48664
25614
48142
15896
39438
21518
38926
39948
15886
15886
15886
0
0
0
0
0
0
