0
0
0
0
0
0
0
0
0
0
0
0
0
0
0
0
0
0
0
0
0
0
41506
23584
42530
23588
42020
24102
41514
24104
42022
23588
42530
23072
43042
23074
42532
23078
42024
23590
42022
23588
42532
23072
42530
23076
42532
23588
42024
24102
42022
23590
42530
23074
42530
23074
42530
23588
42020
23590
42020
23588
42530
23586
42528
23584
42530
23586
42020
23590
42022
24102
42020
23588
42530
23074
43040
23074
40994
27154
39442
27156
40468
25122
37908
25620
42018
23586
42019
23585
40480
27666
40466
23586
41508
24102
39972
28180
39956
24100
41506
24100
40480
27668
38928
27666
39956
24610
40998
24616
39972
28180
39956
24612
40996
24612
39970
27668
39956
24612
40998
24614
41508
25636
37908
25620
41506
24100
41506
25634
37908
25619
41507
24614
41508
25636
37908
25618
41508
24100
39970
27668
38928
27666
39956
24098
39972
27666
38418
27666
38418
27666
39444
24098
39970
27666
38418
27664
38418
28178
39442
24610
39458
28690
39444
24610
39458
28690
39442
24610
40994
24610
39458
28690
39442
24610
40994
24610
39458
29202
39442
24608
39456
29202
39442
26656
36372
26642
38944
29202
37394
29200
38932
26655
36371
26642
38944
29202
37392
29202
38930
26654
36370
26644
38942
29716
38930
27170
36370
28690
36370
27156
38944
29714
38420
27166
36372
28688
36368
27154
38942
29714
38418
27166
35860
28688
36368
27666
38432
29714
36370
29200
36370
29200
36882
29712
37908
26144
37920
29716
36368
29714
36368
29714
37396
26658
37410
30228
36370
29714
36370
30226
37908
26658
38948
26658
38946
28194
35348
28178
38946
27170
38946
28194
34834
28178
38944
26658
38946
28192
34834
28178
37918
30738
37394
26656
37408
30738
35858
30224
35858
30226
37394
26658
37408
30739
35857
30226
35856
30736
36884
27168
36896
30740
35856
30226
35856
30736
37396
28190
34834
29712
34832
28690
38944
28702
34834
28690
38432
27170
38944
28192
34322
28690
38943
27681
38434
28704
34834
28690
38432
27170
38946
28190
34322
28690
38944
27168
38946
28702
34834
28690
38942
27168
38432
28703
34321
28690
38432
27168
36894
30738
35856
30224
35344
30226
35344
30224
35858
30736
36882
27168
38434
28702
34834
28690
38942
27170
38432
27168
38432
27170
38432
27168
38433
27169
38432
27168
38944
27168
38432
27168
38946
27168
38432
27170
38944
27166
38944
26656
38942
26656
38942
26656
38942
26656
38942
26654
38944
26654
39454
26656
39454
26654
39454
26656
39454
26656
39456
26142
39456
26142
39456
26142
39456
26144
39454
26144
39968
26144
39966
25632
39966
25632
40478
25630
40478
25628
40478
25630
40478
25630
40478
25630
40478
25118
40478
25116
40478
25118
40478
25118
40479
25119
40990
25118
40992
25118
40990
25120
40990
24606
40990
24606
40992
24606
40990
24608
41502
24606
41502
24094
41502
24094
41500
24094
41502
24094
42014
24094
42012
23582
42014
23580
42012
23582
42012
23580
42012
23580
42014
23580
42012
23582
42524
23580
42524
23582
42524
23068
42524
23068
42524
23068
42524
23068
42524
23070
43036
23070
43036
22556
43036
22556
43038
22556
43548
22556
43035
22557
43548
22556
43548
22044
43548
22042
43548
22556
43546
22044
43546
22554
43548
22044
43546
22556
43546
22556
43546
22556
43546
22554
43036
22554
43546
22044
44058
21530
44060
21530
44058
21532
44570
21532
44570
21530
44570
21532
44570
21018
44570
21020
44570
21532
44058
21530
44060
21530
44058
21530
44060
21530
44570
21532
44570
21532
44058
21530
44572
21018
44570
21532
44570
21018
44570
21530
44570
21020
44570
21018
44572
21018
45082
21018
44572
21018
45082
21018
44572
20506
45084
21018
44572
21018
44572
21018
44572
21530
44570
21020
44570
21018
44572
21018
44570
21020
44570
21020
21018
44570
44570
44570
0
0
0
0
0
0
0
0
0
0
0
0
0
0
0
0
0
0
0
0
0
0
0
0
0
0
0
0
0
0
0
0
0
0
0
0
0
0
