56
58
57
57
57
58
57
58
58
58
60
60
60
60
58
59
59
58
60
56
59
57
57
57
58
56
56
56
52
54
54
54
56
54
52
50
52
52
54
52
54
50
48
50
48
50
50
48
48
48
46
46
46
46
46
46
44
45
43
44
44
44
42
44
44
42
40
42
40
42
42
42
42
40
42
40
38
40
40
40
40
40
42
40
40
38
40
38
38
40
38
40
40
40
38
38
40
38
38
40
38
38
38
38
38
38
38
38
38
38
38
36
37
37
36
36
38
36
38
36
38
36
38
36
36
36
38
36
36
36
36
36
36
36
34
36
34
36
34
34
36
34
34
32
34
34
34
34
34
32
34
33
33
32
32
33
33
32
32
32
32
32
32
32
32
32
32
30
32
32
32
30
32
30
32
30
30
32
30
30
30
32
30
30
30
30
30
30
30
30
30
30
30
30
30
30
30
30
30
30
30
30
30
30
30
28
30
30
30
30
30
30
30
30
30
28
30
30
30
28
30
30
28
30
30
28
30
30
28
29
29
28
28
30
28
28
30
28
28
28
30
28
28
28
28
28
28
28
26
28
28
28
28
28
28
26
28
28
26
28
26
28
26
28
26
26
28
26
28
26
26
28
26
26
26
28
26
26
28
26
26
28
26
28
26
28
26
28
26
26
26
26
28
26
26
28
26
26
26
26
28
26
26
26
26
28
26
26
26
24
26
26
26
26
24
26
26
26
24
26
26
26
26
24
26
26
24
26
26
24
26
24
26
26
26
24
26
26
24
24
26
24
26
24
26
24
24
26
24
24
26
24
24
24
26
24
24
24
26
24
24
26
24
24
24
26
24
24
24
24
24
24
26
24
24
24
24
24
26
24
24
24
24
24
24
24
24
24
24
26
24
24
24
24
24
24
24
24
24
23
23
24
25
24
23
24
24
24
24
24
24
24
24
23
24
22
13
12
23
23
23
13
12
12
11
12
12
11
12
12
12
23
23
22
13
13
22
23
23
21
13
12
22
23
24
22
13
12
23
23
23
22
12
13
21
23
23
21
12
12
22
23
23
22
12
13
22
22
13
11
12
12
21
13
11
12
11
12
12
22
22
12
11
12
11
12
12
23
23
12
12
12
12
12
13
22
23
13
12
22
13
12
22
24
23
22
12
13
23
23
23
22
13
12
22
23
23
22
22
12
11
12
12
11
12
21
22
12
11
12
11
11
13
21
23
12
11
12
11
12
11
11
13
21
12
11
11
13
20
13
12
21
12
11
11
13
21
12
12
21
13
11
11
13
20
13
12
20
12
12
21
12
11