8;-432;-85;1075
12;-387;-226;879
16;-392;-206;945
20;-451;-262;1054
24;-456;-240;973
28;-440;-163;933
32;-431;-129;922
36;-437;-114;912
40;-426;-123;910
44;-425;-112;914
48;-399;-129;929
52;-424;-126;905
56;-428;-135;918
60;-421;-151;945
64;-412;-163;952
68;-409;-161;950
72;-380;-216;956
76;-398;-151;940
80;-412;-171;935
84;-464;-166;927
88;-404;-157;922
92;-359;-161;917
96;-401;-151;893
100;-399;-176;909
104;-396;-175;938
108;-402;-144;942
112;-416;-161;929
116;-429;-158;913
120;-402;-158;935
124;-448;-148;938
128;-471;-169;917
132;-479;-151;912
136;-484;-174;920
140;-500;-164;912
144;-519;-176;897
148;-510;-197;909
152;-510;-207;913
156;-517;-224;926
160;-505;-222;942
164;-503;-217;928
168;-482;-218;917
172;-484;-210;913
176;-633;-194;851
180;-559;-210;825
184;-454;-171;943
188;-449;-173;902
192;-409;-213;881
196;-431;-183;872
200;-456;-193;865
204;-504;-182;817
208;-537;-175;773
212;-525;-175;767
216;-524;-178;804
220;-481;-139;797
224;-424;-157;816
228;-428;-113;817
232;-441;-113;817
236;-437;-117;797
240;-417;-109;815
244;-414;-123;829
248;-338;-4;915
252;-390;-58;876
256;-339;-36;820
260;-370;-82;827
264;-381;-95;838
268;-399;-94;833
272;-424;-106;844
276;-424;-105;849
280;-426;-122;850
284;-424;-139;857
288;-446;-132;845
292;-460;-138;812
296;-488;-176;832
300;-500;-196;811
304;-508;-223;833
308;-508;-200;875
312;-507;-165;816
316;-492;-212;834
320;-515;-195;861
324;-584;-184;817
328;-440;-243;905
332;-433;-180;969
336;-428;-125;894
340;-412;-277;907
344;-392;-242;992
348;-439;-127;969
352;-342;-88;945
356;-264;-177;972
360;-296;-167;944
364;-379;-232;922
368;-507;-156;810
372;-410;-58;990
376;-314;-161;952
380;-310;-139;962
384;-365;-180;955
388;-411;-257;962
392;-428;-291;1001
396;-456;-188;908
400;-378;-204;906
404;-466;-140;786
408;-578;-395;595
412;-773;-479;732
416;-689;-418;825
420;-658;-437;835
424;-471;-270;881
428;-477;-32;839
432;-439;-564;841
436;-610;-177;801
440;-524;-334;1007
444;-519;-321;844
448;-498;-395;957
452;-509;-254;897
456;-455;-269;910
460;-523;-302;926
464;-470;-378;1023
468;-493;-383;988
472;-546;-316;993
476;-546;-335;1064
480;-492;-272;1142
484;-510;-329;948
488;-473;-309;968
492;-529;-167;1121
496;-495;-221;943
500;-464;-254;933
504;-478;-276;884
508;-471;-272;999
512;-517;-337;727
516;-557;-291;841
520;-478;-315;878
524;-476;-320;879
528;-396;-324;879
532;-415;-283;834
536;-437;-286;823
540;-453;-266;793
544;-474;-257;792
548;-488;-252;765
552;-519;-246;822
556;-523;-275;806
560;-567;-287;840
564;-494;-277;914
568;-498;-296;877
572;-503;-262;914
576;-496;-296;883
580;-515;-311;934
584;-540;-332;855
588;-494;-317;843
592;-557;-217;1006
596;-546;-234;1139
600;-407;-109;990
604;-500;-238;1118
608;-326;-246;833
612;-259;-286;737
616;-295;-345;904
620;-215;-225;992
624;-191;-223;914
628;-163;-153;949
632;-220;-144;1000
636;-326;-295;911
640;-352;-328;854
644;-362;-295;863
648;-361;-294;853
652;-379;-263;846
656;-400;-275;846
660;-409;-298;813
664;-455;-290;786
668;-476;-292;782
672;-522;-275;782
676;-546;-273;818
680;-554;-264;830
684;-536;-259;844
688;-569;-274;857
692;-546;-269;860
696;-524;-256;856
700;-539;-274;848
704;-557;-232;885
708;-533;-253;887
712;-529;-249;910
716;-531;-254;959
720;-532;-226;1057
724;-529;-252;961
728;-475;-263;939
732;-415;-265;869
736;-372;-230;902
740;-387;-264;903
744;-382;-273;897
748;-428;-246;898
752;-466;-254;857
756;-486;-260;838
760;-520;-301;798
764;-440;-268;920
768;-378;-219;1017
772;-421;-277;974
776;-477;-282;912
780;-481;-293;856
784;-471;-304;841
788;-471;-289;830
792;-482;-286;831
796;-455;-253;818
800;-448;-272;804
804;-442;-266;794
808;-410;-274;816
812;-409;-305;828
816;-398;-287;861
820;-399;-298;894
824;-416;-286;931
828;-406;-278;949
832;-399;-273;958
836;-388;-265;926
840;-387;-269;870
844;-404;-294;868
848;-438;-300;902
852;-430;-304;890
856;-423;-291;895
860;-431;-291;893
864;-431;-300;884
868;-444;-312;932
872;-393;-235;903
876;-435;-239;852
880;-456;-262;844
884;-453;-282;824
888;-443;-272;846
892;-456;-312;903
896;-406;-265;883
900;-411;-269;873
904;-437;-299;855
908;-432;-289;838
912;-387;-267;875
916;-296;-277;926
920;-358;-285;929
924;-402;-279;896
928;-428;-285;894
932;-462;-282;897
936;-463;-286;897
940;-448;-279;896
944;-420;-272;914
948;-429;-272;926
952;-426;-267;939
956;-431;-264;917
960;-433;-266;917
964;-447;-264;903
968;-470;-267;906
972;-475;-262;888
976;-441;-270;867
980;-429;-269;856
984;-440;-274;849
988;-455;-275;852
992;-461;-272;857
996;-447;-267;872
1000;-433;-253;888
1004;-426;-260;889
1008;-433;-249;884
1012;-434;-261;911
1016;-445;-279;911
1020;-452;-279;918
1024;-453;-279;918
1028;-432;-281;926
1032;-424;-284;939
1036;-424;-289;928
1040;-416;-279;933
1044;-408;-277;929
1048;-401;-274;913
1052;-399;-274;899
1056;-401;-270;891
1060;-400;-273;903
1064;-414;-272;903
1068;-414;-276;915
1072;-412;-274;908
1076;-414;-275;919
1080;-421;-285;918
1084;-429;-283;912
1088;-431;-282;911
1092;-425;-274;908
1096;-426;-279;906
1100;-427;-277;909
1104;-422;-271;903
1108;-415;-281;912
1112;-413;-271;912
1116;-418;-274;910
1120;-421;-280;902
1124;-415;-276;913
1128;-404;-269;915
1132;-408;-268;914
1136;-405;-268;902
1140;-410;-268;905
1144;-419;-264;913
1148;-409;-269;897
1152;-417;-271;907
1156;-418;-263;887
1160;-409;-260;882
1164;-409;-263;867
1168;-412;-278;881
1172;-405;-266;884
1176;-404;-270;876
1180;-401;-279;884
1184;-407;-262;884
1188;-407;-272;877
1192;-413;-278;885
1196;-414;-279;889
1200;-409;-287;894
1204;-414;-279;912
1208;-416;-281;909
1212;-407;-280;915
1216;-399;-271;921
1220;-397;-276;915
1224;-392;-268;913
1228;-393;-269;907
1232;-392;-270;901
1236;-386;-276;899
1240;-388;-277;898
1244;-387;-271;904
1248;-383;-283;893
1252;-380;-292;870
1256;-277;-268;863
1260;-361;-272;880
1264;-392;-307;821
1268;-385;-281;840
1272;-391;-290;883
1276;-408;-274;925
1280;-406;-282;918
1284;-403;-287;891
1288;-404;-269;920
1292;-401;-271;906
1296;-389;-281;886
1300;-393;-258;900
1304;-406;-242;928
1308;-394;-275;899
1312;-386;-288;895
1316;-374;-261;954
1320;-381;-274;938
1324;-391;-262;923
1328;-378;-259;933
1332;-371;-268;929
1336;-358;-278;937
1340;-372;-273;927
1344;-377;-272;914
1348;-378;-280;895
1352;-372;-282;903
1356;-363;-280;883
1360;-360;-274;878
1364;-354;-270;869
1368;-353;-262;873
1372;-368;-264;884
1376;-361;-267;907
1380;-363;-254;925
1384;-363;-270;932
1388;-352;-254;932
1392;-313;-258;918
1396;-305;-249;917
1400;-318;-238;921
1404;-346;-266;903
1408;-347;-258;891
1412;-353;-242;895
1416;-349;-254;849
1420;-333;-246;867
1424;-334;-222;864
1428;-334;-253;856
1432;-320;-183;921
1436;-315;-198;907
1440;-337;-211;919
1444;-357;-291;931
1448;-471;-380;1067
1452;-533;-200;987
1456;-480;-239;980
1460;-423;-265;944
1464;-418;-261;957
1468;-418;-249;942
1472;-433;-260;918
1476;-426;-263;921
1480;-433;-239;914
1484;-441;-264;915
1488;-453;-258;924
1492;-453;-246;924
1496;-446;-236;940
1500;-419;-230;952
1504;-416;-218;964
1508;-395;-211;943
1512;-399;-211;925
1516;-413;-223;917
1520;-424;-223;924
1524;-431;-221;922
1528;-433;-224;918
1532;-438;-226;916
1536;-436;-225;909
1540;-439;-219;918
1544;-447;-224;912
1548;-436;-222;917
1552;-439;-222;916
1556;-439;-233;913
1560;-438;-220;916
1564;-453;-229;924
1568;-458;-236;955
1572;-456;-245;979
1576;-462;-245;984
1580;-462;-244;984
1584;-465;-246;977
1588;-472;-245;964
1592;-473;-251;948
1596;-455;-233;935
1600;-447;-221;935
1604;-429;-218;926
4417;-292;-193;886
4421;-292;-193;886
4425;-1295;-678;853
4429;2947;-259;-379
4433;-424;-181;746
4437;-353;-659;128
4441;-810;-658;111
4445;-486;-534;84
4449;-65;-249;1752
4453;1023;252;1175
4457;394;159;1504
4461;254;-171;1092
4465;534;41;742
4469;1644;1066;3763
4473;391;-100;1000
4477;1561;450;1498
4481;331;-179;210
4485;-248;-529;367
4489;567;-19;1160
4493;258;-169;1502
4497;412;34;2021
4501;375;-92;1686
4505;425;-204;1233
4509;440;-253;1006
4513;469;-460;-777
4517;18;-116;51
4521;97;-143;796
4525;378;20;1485
4529;156;-266;1032
4533;52;-411;909
4537;668;-152;1368
4541;414;-160;1013
4545;276;-149;1043
4549;249;-241;1007
4553;132;-232;766
4557;229;-179;897
4561;25;-144;805
4565;57;-179;921
4569;246;-168;1101
4573;234;-207;1134
4577;358;-193;1128
4581;252;-105;992
4585;231;-76;955
4589;243;-92;929
4593;236;-83;917
4597;230;-98;949
4601;162;-84;985
4605;156;-27;1160
4609;239;21;1293
4613;92;-13;1289
4617;140;-4;1211
4621;173;6;1158
4625;195;-13;1150
4629;223;5;1091
4633;276;-13;1097
4637;386;18;1073
4641;374;-10;1128
4645;360;-76;943
4649;480;8;901
4653;421;-21;847
4657;526;-23;762
4661;449;-9;747
4665;302;-71;615
4669;556;-45;511
4673;569;9;549
4677;451;-3;597
4681;573;3;725
4685;546;-25;609
4689;363;-19;670
4693;499;46;964
4697;526;63;1083
4701;587;32;804
4705;363;68;1005
4709;540;157;1363
4713;416;74;1043
4717;347;72;1007
4721;240;-36;920
4725;-2;-100;943
4729;261;20;1142
4733;505;88;1107
4737;277;14;1038
4741;110;-62;982
4745;203;-38;984
4749;252;1;945
4753;265;-28;1022
4757;281;37;1169
4761;277;-2;1072
4765;325;-6;986
4769;360;-18;1016
4773;399;-25;1015
4777;445;-28;972
4781;295;-29;1084
4785;332;-61;876
4789;361;-44;812
4793;386;-14;861
4797;480;-16;902
4801;287;-91;767
4805;509;65;1148
4809;414;5;987
4813;417;23;996
4817;772;-27;791
4821;601;58;1003
4825;171;-58;785
4829;291;-11;937
4833;480;27;981
4837;283;-41;913
4841;398;4;1034
4845;381;-12;897
4849;196;-67;883
4853;300;-50;948
4857;308;-24;929
4861;195;-68;860
4865;295;21;972
4869;526;50;752
4873;306;54;1138
4877;422;-58;856
4881;238;-37;624
4885;260;-127;837
4889;473;-64;811
4893;657;57;956
4897;377;61;1061
4901;432;15;981
4905;653;52;1154
4909;285;44;1165
4913;787;152;976
4917;154;-72;813
4921;255;17;1087
4925;475;-60;652
4929;336;-9;1111
4933;265;-66;720
4937;178;-104;750
4941;819;16;877
4945;475;11;886
4949;608;-9;1312
4953;585;87;1216
4957;183;70;1058
4961;82;-36;995
4965;502;-21;725
4969;553;5;906
4973;495;148;1408
4977;312;-65;1333
4981;371;132;1186
4985;410;62;1424
4989;98;-110;818
4993;521;79;1062
4997;518;-21;607
5001;457;76;1102
5005;70;269;1261
5009;376;-89;562
5013;424;35;1062
5017;275;-58;831
5021;376;37;1030
5025;299;-6;540
5029;259;-7;997
5033;422;0;820
5037;298;5;1046
5041;334;36;1169
5045;213;-38;880
5049;465;9;838
5053;329;45;1051
5057;375;-111;751
5061;414;39;970
5065;180;-70;859
5069;369;26;1008
5073;409;16;750
5077;368;-17;864
5081;286;-12;1001
5085;374;2;869
5089;297;-25;998
5093;369;-3;889
5097;362;-26;964
5101;288;14;958
5105;385;18;813
5109;313;-26;933
5113;330;14;1039
5117;278;-23;1001
5121;341;-9;1023
5125;391;-15;932
5129;348;-7;890
5133;318;-9;1021
5137;345;-19;934
5141;335;-30;949
5145;295;-15;1040
5149;356;-18;955
5153;304;-34;923
5157;327;-12;954
5161;209;-23;879
5165;364;-3;964
5169;319;2;1041
5173;333;-26;952
5177;315;-9;981
5181;337;6;1031
5185;340;-13;947
5189;321;-3;973
5193;305;-3;966
5197;330;0;961
5201;374;9;983
5205;377;-6;972
5209;381;-4;949
5213;385;-2;937
5217;388;-5;933
5221;390;-4;931
5225;394;-3;931
5229;387;-10;932
5233;388;-4;944
5237;383;0;950
5241;380;1;963
5245;382;2;955
5249;381;-1;959
5253;389;-1;944
5257;389;-5;941
5261;386;-2;944
5265;390;-3;937
5269;386;-1;944
5273;388;-8;951
5277;387;-1;945
5281;388;-2;944
5285;382;-6;952
5289;383;-3;952
5293;380;0;951
5297;389;-4;937
5301;391;0;945
5305;390;-6;942
5309;383;-2;946
5313;380;-2;946
5317;385;-10;950
5321;384;-10;949
5325;390;-2;953
5329;387;-4;940
5333;385;-9;941
5337;387;-6;941
5341;388;3;948
5345;384;-6;949
5349;383;-10;950
5353;390;-8;949
5357;388;-1;944
5361;390;-5;951
5365;384;-2;947
5369;387;-2;948
5373;390;-4;948
5377;384;-4;945
5381;388;-9;940
5385;384;-4;945
5389;382;-2;949
5393;385;-4;948
5397;390;0;949
5401;392;0;937
5405;391;-5;939
5409;389;0;947
5413;383;0;941
5417;382;1;940
5421;390;-3;943
5425;384;-1;948
5429;387;-10;954
5433;382;-10;949
5437;383;-3;950
5441;384;0;946
5445;383;-10;946
5449;393;-2;943
5453;388;-4;955
5457;388;-5;946
5461;388;-9;951
5465;387;-2;951
5469;390;-7;941
5473;389;-8;943
5477;391;-12;937
5481;389;-5;939
5485;384;-4;954
5489;388;-11;950
5493;389;-5;947
5497;398;-8;951
5501;376;-3;956
5505;376;1;947
5509;397;-2;947
5513;393;3;938
5517;398;-1;939
5521;397;2;944
5525;376;-6;943
5529;389;1;943
5533;391;-6;945
5537;383;-5;946
5541;385;-10;955
5545;390;-7;945
5549;391;-8;945
5553;389;-1;952
5557;393;-5;949
5561;384;-4;951
5565;386;-7;952
5569;382;-5;948
5573;372;-7;945
5577;388;-5;955
5581;389;-9;940
5585;390;-7;940
5589;388;-2;950
5593;393;-1;950
5597;388;0;948
5601;395;-6;947
5605;387;0;940
5609;389;4;945
5613;393;-4;954
5617;393;1;944
5621;394;0;943
5625;390;-4;945
5629;389;-1;948
5633;393;-5;944
5637;389;-4;948
5641;384;-2;953
5645;386;0;946
5649;392;-2;947
5653;383;-9;955
5657;388;-1;947
5661;389;0;946
5665;397;-6;942
5669;386;-8;939
5673;390;-4;949
5677;387;-2;949
5681;387;-1;947
5685;390;-1;945
5689;395;-5;944
5693;390;-5;942
5697;391;-5;940
5701;391;-4;947
5705;390;3;947
5709;390;-1;947
5713;387;-2;941
5717;389;-1;948
5721;391;-6;945
5725;396;-2;949
5729;385;-4;949
5733;391;0;949
5737;388;-5;946
5741;388;0;943
5745;392;-1;955
5749;390;0;945
5753;387;-4;954
5757;382;-4;941
5761;385;-6;939
5765;383;-8;939
5769;383;-1;951
5773;391;-2;946
5777;388;-1;954
5781;389;-1;948
5785;388;-4;961
5789;389;-2;947
5793;389;1;949
5797;386;-7;943
5801;391;-4;950
5805;393;2;956
5809;386;-12;952
5813;383;-5;944
5817;389;-5;944
5821;392;-4;943
5825;389;-5;938
5829;389;1;940
5833;391;-3;942
5837;390;-7;943
5841;392;-6;945
5845;386;-4;954
5849;382;-1;945
5853;388;-4;940
5857;388;-1;948
5861;382;-2;951
5865;394;-4;949
5869;389;-2;939
5873;394;-1;940
5877;391;0;945
5881;389;-4;950
5885;389;0;950
5889;392;-4;943
5893;391;-5;944
5897;393;-5;952
5901;391;-1;945
5905;389;0;946
5909;381;-1;936
5913;389;0;944
5917;393;-4;942
5921;387;-4;941
5925;391;-5;944
5929;391;-6;950
5933;383;1;953
5937;383;-6;949
5941;390;-2;945
5945;384;2;950
5949;390;2;950
5953;380;0;942
5957;382;-5;942
5961;390;-4;942
5965;391;-5;947
5969;392;-11;946
5973;393;-4;940
5977;396;-5;950
5981;389;-4;944
5985;388;-4;941
5989;394;-6;947
5993;388;-5;946
5997;392;0;950
6001;391;-4;941
6005;380;-5;942
6009;387;-2;949
6013;390;0;943
9150;385;-2;933
15184;387;-3;933
21228;387;-3;932
27268;388;-3;932
33311;388;-3;932
39356;389;-3;932
45397;389;-3;932
51475;389;-3;931
57483;388;-3;932
63528;389;-3;931
69572;389;-3;933
72021;389;-3;931
72025;389;-3;931
72029;389;-3;931
72033;389;-3;931
72037;389;-3;931
72041;389;-3;931
72045;389;-3;931
72049;0;16;1067
72053;51;88;996
72057;-92;99;955
72061;25;47;1000
72065;89;51;1008
72069;89;16;1039
72073;75;12;1092
72077;94;32;1152
72081;78;27;1099
72085;45;4;1078
72089;34;-29;1050
72093;49;-37;1021
72097;55;-37;1066
72101;71;-26;1066
72105;52;-14;1072
72109;50;-33;1109
72113;77;-57;1096
72117;82;-30;1034
72121;81;-48;962
72125;110;3;996
72129;66;-6;1043
72133;77;12;1050
72137;81;-5;969
72141;139;-28;1039
72145;304;-93;1102
72149;351;-87;1224
72153;421;-52;1217
72157;153;-66;978
72161;228;-62;1122
72165;108;52;1237
72169;74;2;1203
72173;304;146;1309
72177;18;-100;1011
72181;82;-63;877
72185;-33;-19;1129
72189;104;-1;985
72193;-45;-31;996
72197;130;-28;1035
72201;15;-102;998
72205;-88;-58;1093
72209;-11;-78;1118
72213;-18;59;1185
72217;-39;-153;1070
72221;44;-96;962
72225;85;-181;846
72229;51;-145;936
72233;18;-7;1570
72237;-19;-70;1584
72241;62;-38;1937
72245;163;-80;1812
72249;260;-36;1657
72253;294;-51;1368
72257;297;-69;1277
72261;347;-106;1135
72265;351;-70;1080
72269;313;2;1074
72273;287;64;1003
72277;285;35;957
72281;249;83;864
72285;298;28;837
72289;265;7;809
72293;204;-56;877
72297;13;11;929
72301;-21;-146;982
72305;5;-131;1021
72309;-49;-67;1142
72313;-96;-103;1181
72317;-143;-180;1184
72321;-124;-210;1162
72325;-100;-226;1170
72329;-105;-172;1142
72333;-111;-173;1144
72337;-55;-185;1097
72341;-71;-121;1056
72345;-65;-63;1028
72349;65;59;986
72353;133;67;935
72357;199;-10;891
72361;228;-60;838
72365;250;-98;813
72369;264;-113;783
72373;250;-116;793
72377;263;-94;857
72381;275;-104;881
72385;227;-92;945
72389;183;-61;959
72393;174;-102;894
72397;147;-146;854
72401;122;-162;785
72405;4;-76;806
72409;57;-171;663
72413;18;-172;854
72417;14;-190;635
72421;57;-210;751
72425;-105;-63;1100
72429;-5;-211;745
72433;37;-146;920
72437;10;-127;1065
72441;-8;-94;1233
72445;115;-107;872
72449;94;-28;1086
72453;238;-31;1257
72457;264;-50;1328
72461;228;-148;968
72465;278;-56;1133
72469;215;-103;1041
72473;185;-66;1085
72477;178;-63;1055
72481;117;-89;994
72485;82;-104;942
72489;14;-138;928
72493;10;-194;826
72497;29;-204;835
72501;-14;-147;1141
72505;-54;-135;1000
72509;37;-141;1237
72513;-70;-142;1418
72517;-15;-189;1230
72521;20;-132;1439
72525;8;-122;1456
72529;-93;-154;1399
72533;-218;-319;958
72537;-148;-360;948
72541;-57;-271;818
72545;14;-246;824
72549;-108;-150;983
72553;-75;-202;950
72557;-8;-211;846
72561;132;-165;884
72565;147;-87;1047
72569;212;-97;1063
72573;245;-120;1055
72577;299;-55;1246
72581;308;-68;1230
72585;377;-30;1442
72589;402;-69;1389
72593;448;-64;1291
72597;414;-3;1347
72601;345;-22;1242
72605;191;-122;1142
72609;11;-111;1180
72613;-114;-162;1118
72617;-122;-231;985
72621;-235;-210;879
72625;-289;-132;937
72629;-292;-125;925
72633;-278;-114;894
72637;-241;-203;876
72641;-155;-275;719
72645;-191;-303;567
72649;-186;-281;419
72653;-48;-283;385
72657;132;-303;288
72661;158;-259;301
72665;244;-214;427
72669;267;-198;507
72673;311;-272;604
72677;331;-272;666
72681;314;-260;719
72685;331;-227;720
72689;802;0;671
72693;785;-106;659
72697;640;-140;837
72701;536;-206;866
72705;466;-198;713
72709;513;-160;688
72713;558;-202;661
72717;542;-227;603
72721;503;-199;610
72725;462;-233;637
72729;460;-257;659
72733;490;-272;554
72737;530;-203;615
72741;626;-170;713
72745;613;-222;726
72749;593;-263;722
72753;597;-292;697
72757;588;-318;515
72761;637;-207;566
72765;661;-182;580
72769;714;-212;530
72773;783;-204;465
72777;887;-177;408
72781;920;-111;360
72785;934;-71;311
72789;936;8;354
72793;939;61;430
72797;901;151;487
72801;831;185;605
72805;786;188;680
72809;673;167;822
72813;616;148;914
72817;576;145;1013
72821;585;91;1036
72825;521;62;1053
72829;277;60;1075
72833;274;63;1180
72837;292;154;1504
72841;320;208;1683
72845;403;215;1726
72849;459;180;1757
72853;461;174;1733
72857;436;142;1696
72861;410;133;1630
72865;330;112;1514
72869;311;99;1323
72873;256;94;1236
72877;242;67;1093
72881;228;71;1065
72885;243;109;1046
72889;277;122;992
72893;355;171;973
72897;400;174;956
72901;404;128;964
72905;299;-64;919
72909;226;-67;943
72913;-42;234;1051
72917;-20;79;993
72921;72;-18;964
72925;90;-101;911
72929;86;-135;858
72933;118;-114;839
72937;112;-54;826
72941;115;15;812
72945;68;128;730
72949;72;159;761
72953;137;231;737
72957;147;354;710
72961;150;326;601
72965;171;291;403
72969;129;220;290
72973;37;123;232
72977;11;102;171
72981;-79;52;123
72985;-107;40;130
72989;-170;-17;127
72993;-135;-150;44
72997;-316;223;243
73001;-169;144;457
73005;-349;102;224
73009;-465;7;91
73013;-380;96;-9
73017;-349;84;-53
73021;-382;124;-59
73025;-591;-96;14
73029;-557;-14;32
73033;-515;12;67
73037;-289;-5;159
73041;-78;25;372
73045;15;72;520
73049;89;59;749
73053;98;38;823
73057;146;-4;918
73061;462;135;1376
73065;319;116;1532
73069;381;-79;1784
73073;436;-82;1932
73077;-567;-2140;359
73081;1238;-5602;1445
73085;1869;4434;7670
73089;4875;1096;4716
73093;842;405;1790
73097;1090;69;1341
73101;2205;321;2177
73105;1419;8;1513
73109;1269;434;1344
73113;847;378;1293
73117;537;224;1168
73121;464;237;1161
73125;657;307;978
73129;620;397;965
73133;415;194;1041
73137;291;157;990
73141;311;146;983
73145;420;118;954
73149;471;115;969
73153;477;61;974
73157;466;86;956
73161;473;91;945
73165;458;85;889
73169;444;76;868
73173;407;73;816
73177;378;82;778
73181;336;83;758
73185;275;61;719
73189;250;47;708
73193;180;19;708
73197;154;0;734
73201;182;9;718
73205;207;-44;633
73209;231;-22;611
73213;270;-201;519
73217;269;-184;522
73221;282;9;529
73225;236;102;579
73229;61;113;667
73233;-65;263;675
73237;-78;147;623
73241;-188;193;575
73245;-202;243;517
73249;-214;-12;162
73253;-277;-216;137
73257;-257;-257;167
73261;-217;-258;152
73265;-177;-222;163
73269;-10;-61;140
73273;41;-54;152
73277;122;-106;200
73281;223;-180;196
73285;252;-177;264
73289;324;-175;349
73293;345;-201;398
73297;379;-277;559
73301;469;242;763
73305;1074;55;587
73309;1388;217;722
73313;1542;102;839
73317;1792;102;988
73321;1934;158;1220
73325;1974;54;1306
73329;1843;-166;1450
73333;1697;-9;1458
73337;1523;187;2412
73341;1202;172;1637
73345;804;366;1777
73349;588;428;1622
73353;140;311;1465
73357;42;-58;1125
73361;44;-164;906
73365;246;-6;768
73369;311;29;571
73373;422;31;554
73377;535;-247;161
73381;519;-140;70
73385;698;11;380
73389;644;144;420
73393;531;105;428
73397;482;9;510
73401;382;9;547
73405;428;13;555
73409;462;-40;568
73413;557;-24;719
73417;647;-15;790
73421;734;109;898
73425;785;162;979
73429;766;177;1028
73433;792;142;1031
73437;804;142;990
73441;936;93;820
73445;972;75;726
73449;1021;57;700
73453;1022;76;677
73457;1019;67;659
73461;974;60;665
73465;924;54;690
73469;812;45;724
73473;684;88;816
73477;623;79;857
73481;524;55;932
73485;496;58;925
73489;503;19;830
73493;494;255;692
73497;515;479;684
73501;657;138;398
73505;720;-107;254
73509;866;-1173;105
73513;745;-1368;-80
73517;496;-981;-103
73521;335;-39;9
73525;245;149;58
73529;218;-40;-40
73533;315;-167;29
73537;357;125;389
73541;396;219;906
73545;560;175;1126
73549;815;98;1246
73553;895;179;1272
73557;962;529;3124
73561;1104;152;1769
73565;930;248;1947
73569;818;253;1925
73573;770;200;1871
73577;711;132;1763
73581;691;106;1675
73585;674;61;1480
73589;637;107;1297
73593;514;100;1236
73597;448;137;1053
73601;469;63;952
73605;483;87;769
73609;491;100;678
73613;513;63;666
73617;535;15;629
74551;-289;-1;1081
74555;-289;-1;1081
74559;-289;-1;1081
74563;-289;-1;1081
74567;-289;-1;1081
74571;-289;-1;1081
74575;-289;-1;1081
74579;-289;-1;1081
74583;-289;-1;1081
74587;-289;-1;1081
74591;-289;-1;1081
74595;-289;-1;1081
74599;-289;-1;1081
74603;-289;-1;1081
74607;-289;-1;1081
74611;785;369;1357
74615;712;395;1313
74619;673;394;1260
74623;542;366;1217
74627;369;362;1125
74631;269;324;1067
74635;57;300;957
74639;-9;259;890
74643;-183;273;836
74647;-353;306;812
74651;-389;411;765
74655;-465;737;654
74659;-690;687;669
74663;-2000;-766;682
74667;-1953;-115;942
74671;-2206;-42;1040
74675;-2584;-84;1043
74679;-2615;-221;1139
74683;-2717;-253;1131
74687;-2706;-274;1286
74691;-2427;-165;1324
74695;-1913;-7;1151
74699;-1687;54;1118
74703;-1272;267;1130
74707;-1123;325;1143
74711;-863;354;1116
74715;-758;382;1061
74719;-573;410;1052
74723;-282;460;1055
74727;-122;419;1073
74731;143;237;1075
74735;251;252;1364
74739;294;-26;1138
74743;2980;2017;1016
74747;1535;685;800
74751;2527;257;776
74755;2899;234;930
74759;3597;416;919
74763;3878;522;835
74767;4317;519;781
74771;4508;597;655
74775;4428;588;679
74779;4254;542;461
74783;4029;572;246
74787;3370;477;-16
74791;2598;109;-546
74795;2184;26;-221
74799;1559;425;-306
74803;1175;447;-224
74807;543;272;9
74811;277;114;306
74815;-87;247;411
74819;-284;509;555
74823;-338;649;662
74827;-416;589;748
74831;-430;543;745
74835;-512;541;806
74839;-1031;289;2331
74843;-950;320;1002
74847;-1817;-80;2032
74851;-1658;-468;2013
74855;-1732;566;2059
74859;-1858;620;2122
74863;-2322;605;2166
74867;-2814;334;2210
74871;-2994;328;2115
74875;-3263;56;2151
74879;-3324;-3;2070
74883;-3129;7;1949
74887;-2474;154;1696
74891;-2082;239;1536
74895;-1276;343;1260
74899;-914;408;1141
74903;-332;428;1003
74907;-142;423;990
74911;158;327;966
74915;354;89;919
74919;365;114;916
74923;359;-28;1043
74927;457;-70;715
74931;1682;800;734
74935;2092;330;870
74939;2415;402;797
74943;2988;507;768
74947;3279;512;734
74951;3672;533;623
74955;3870;591;528
74959;4066;571;548
74963;4271;616;506
74967;4241;681;389
74971;3642;678;178
74975;3098;621;335
74979;2010;634;449
74983;1082;565;581
74987;706;532;643
74991;51;462;769
74995;-178;421;780
74999;-389;567;761
75003;-457;1025;697
75007;-640;1148;818
75011;-1518;980;1379
75015;-2910;-1052;1099
75019;-2316;702;1564
75023;-2631;747;1992
75027;-3282;561;2083
75031;-3719;172;2183
75035;-3914;51;2201
75039;-4050;-32;2031
75043;-4041;-38;1750
75047;-3803;-65;1507
75051;-3481;124;1211
75055;-2565;161;963
75059;-1681;418;718
75063;-1317;509;682
75067;-661;646;629
75071;-437;613;546
75075;-100;377;476
75079;188;29;669
75083;278;-216;744
75087;412;-368;948
75091;3442;2318;1840
75095;3240;1260;1061
75099;3430;814;1229
75103;4190;848;1282
75107;4613;851;1556
75111;4733;877;1593
75115;4819;925;1603
75119;4696;938;1246
75123;3809;843;1098
75127;2460;716;994
75131;1826;643;984
75135;729;549;1007
75139;287;467;983
75143;-284;461;923
75147;-418;631;851
75151;-542;713;863
75155;-763;671;819
75159;-2384;-748;1010
75163;-1509;18;937
75167;-1546;356;1089
75171;-1793;191;1104
75175;-1975;108;1253
75179;-2032;38;1353
75183;-2055;0;1458
75187;-1991;2;1508
75191;-1675;73;1514
75195;-1427;146;1362
75199;-947;164;1255
75203;-594;187;1081
75207;-463;168;995
75211;-282;126;889
75215;-207;114;900
75219;-141;83;944
75223;-115;91;1104
75227;-99;103;1181
75231;-79;122;1275
75235;-81;119;1293
75239;-81;80;1266
75243;-60;18;1209
75247;58;-8;1169
75251;235;-46;1159
75255;328;-65;1152
75259;416;-193;1091
75263;421;-272;1019
75267;412;-307;999
75271;848;474;844
75275;1865;1038;515
75279;1345;72;667
75283;1380;20;702
75287;1444;114;571
75291;1399;128;604
75295;1112;89;660
75299;656;23;828
75303;447;7;901
75307;105;-19;920
75311;25;-4;946
75315;-133;-16;957
75319;-237;-31;1029
75323;-308;-32;1278
75327;-325;17;975
75331;-345;-6;1137
75335;-350;-2;1096
75339;-343;-29;1106
75343;-294;-26;1074
75347;-201;12;1056
75351;-157;9;1049
75355;-87;30;1054
75359;-47;26;1051
75363;46;52;1073
75367;46;20;1091
75371;56;25;1099
75375;102;19;1092
75379;140;19;1061
75383;200;13;1033
75387;222;0;1017
75391;261;-1;993
75395;294;-4;970
75399;301;4;966
75403;342;55;963
75407;366;85;968
75411;314;40;991
75415;262;35;1026
75419;229;41;1029
75423;117;40;1072
75427;58;26;1076
75431;-10;23;1071
75435;-40;8;1061
75439;-61;23;1069
75443;-59;2;1048
75447;-50;-3;1028
75451;-37;1;1044
75455;-27;-5;1060
75459;-12;-18;1077
75463;15;-4;1137
75467;40;-1;1158
75471;85;-15;1210
75475;96;-17;1227
75479;150;12;1252
75483;166;8;1265
75487;184;13;1280
75491;212;33;1273
75495;216;31;1265
75499;221;10;1230
75503;225;11;1186
75507;208;11;1178
75511;192;0;1142
75515;182;4;1129
75519;152;2;1120
75523;141;0;1104
75527;113;-3;1085
75531;93;-9;1064
75535;58;-21;1040
75539;28;-40;1002
75543;4;-44;1005
75547;-27;-69;967
75551;-23;-71;926
75555;-16;-70;915
75559;11;-74;884
75563;16;-83;874
75567;48;-108;853
75571;73;-115;840
75575;119;-107;863
75579;154;-74;891
75583;237;-87;892
75587;316;3;894
75591;352;66;907
75595;459;105;1012
75599;496;114;1064
75603;474;123;1096
75607;423;187;1157
75611;411;160;1190
75615;356;105;1191
75619;309;89;1177
75623;268;134;1094
75627;242;199;934
75631;143;98;937
75635;141;379;781
75639;6;648;804
75643;-228;1043;805
75647;-252;659;792
75651;-270;124;754
75655;-265;6;756
75659;-247;-86;684
75663;-212;-289;588
75667;-216;-321;634
75671;-193;-349;891
75675;-168;-371;960
75679;-270;-436;1001
75683;-207;-435;1028
75687;-198;-430;1021
75691;-202;-475;995
75695;-195;-494;955
75699;-189;-522;941
75703;-166;-490;979
75707;-180;-463;1038
75711;-253;-348;1070
75715;-290;-245;1097
75719;-326;-47;1080
75723;-326;-75;952
75727;-87;-252;961
75731;345;-252;1161
75735;440;-262;1145
75739;467;-199;1320
75743;450;-217;1454
75747;441;-124;1437
75751;758;455;1459
75755;1225;631;1467
75759;756;191;1393
75763;692;191;1342
75767;402;98;1263
75771;230;39;1178
75775;-35;16;1124
75779;-176;31;982
75783;-229;40;940
75787;-307;233;881
75791;-270;78;863
75795;-266;-19;813
75799;-298;6;734
75803;-313;17;717
75807;-480;-152;718
75811;-582;-255;723
75815;-537;-154;678
75819;-556;-172;738
75823;-565;-186;755
75827;-548;-176;791
75831;-541;-173;849
75835;-468;-108;972
75839;-411;-69;1082
75843;-264;-28;1126
75847;-109;4;1611
75851;-104;-2;1434
75855;-45;11;1486
75859;-61;38;1476
75863;-101;34;1436
75867;-154;55;1338
75871;-216;5;1180
75875;-287;-102;1012
75879;-324;-96;955
75883;-349;-68;842
75887;-321;-107;840
75891;-280;-139;821
75895;-329;-129;846
75899;-319;-153;849
75903;-278;-173;837
75907;-266;-212;815
75911;-316;-238;789
75915;-329;-283;821
75919;-446;-278;820
75923;-439;-271;833
75927;-390;-240;829
75931;-398;-271;837
75935;-404;-270;777
75939;-430;-280;836
75943;-462;-274;837
75947;-460;-293;790
75951;-482;-258;725
75955;-535;-255;756
75959;-601;-233;912
75963;-416;-168;939
75967;-277;-173;991
75971;-316;-223;940
75975;-95;-144;871
75979;25;-189;993
75983;42;-176;1077
75987;-132;-192;1141
75991;-109;-186;1063
75995;-146;-231;1088
75999;-1;-223;1029
76003;33;-205;1025
76007;214;-183;889
76011;316;-214;865
76015;343;-193;855
76019;227;-203;805
76023;139;-215;786
76027;-74;-225;813
76031;-130;-212;818
76035;-421;-306;786
76039;-555;-328;861
76043;-585;-307;882
76047;-689;-338;972
76051;-630;-297;960
76055;-769;-299;1127
76059;-893;-353;1210
76063;-718;-239;965
76067;-327;-233;848
76071;-233;-204;804
76075;-167;-186;871
76079;-478;-248;974
76083;-214;-164;796
76087;133;-162;762
76091;154;-155;787
76095;-187;-205;1018
76099;-417;-207;1180
76103;-493;-222;905
76107;-117;-209;795
76111;45;-199;837
76115;-2;-219;891
76119;11;-244;933
76123;30;-211;1049
76127;-65;-211;1198
76131;-338;-294;1206
76135;-377;-226;1487
76139;-392;-194;1441
76143;-476;-221;1367
76147;-520;-285;1229
76812;-479;-144;1073
76816;-479;-144;1073
76820;-479;-144;1073
76824;-479;-144;1073
76828;-479;-144;1073
76832;-479;-144;1073
76836;-479;-144;1073
76840;-479;-144;1073
76844;-479;-144;1073
76848;-479;-144;1073
76852;-479;-144;1073
76856;-479;-144;1073
76860;-479;-144;1073
76864;-479;-144;1073
76868;-479;-144;1073
76872;-479;-144;1073
76876;-479;-144;1073
76880;-479;-144;1073
76884;-1810;-166;944
76888;-1489;-85;1193
76892;-1309;-82;1243
76896;-942;-70;1213
76900;-679;-58;1187
76904;-577;-29;1146
76908;-575;23;1075
76912;-666;17;1053
76916;-698;101;1070
76920;-503;172;970
76924;-303;223;881
76928;185;150;819
76932;318;-43;763
76936;379;-267;751
76940;394;245;643
76944;2451;1209;972
76948;4282;723;1301
76952;4025;569;1443
76956;3393;563;1656
76960;3065;501;1399
76964;2304;376;1208
76968;1500;230;954
76972;1158;216;847
76976;518;93;740
76980;248;77;744
76984;-97;51;804
76988;-192;31;816
76992;-317;13;816
76996;-324;13;816
77000;-328;17;806
77004;-367;64;859
77008;-436;140;1465
77012;-873;85;1460
77016;-1915;-126;1667
77020;-2854;-591;1356
77024;-3253;-342;957
77028;-3211;-392;765
77032;-3005;-365;516
77036;-2861;-319;439
77040;-2386;-308;392
77044;-1887;-237;391
77048;-1764;-219;422
77052;-1617;-181;663
77056;-1511;-161;973
77060;-1183;-28;1055
77064;-865;-37;1220
77068;-659;-92;1098
77072;-438;28;1042
77076;-437;67;1063
77080;-463;26;1052
77084;-436;42;1050
77088;-132;25;996
77092;266;-89;937
77096;388;-221;884
77100;593;-121;1472
77104;738;58;1468
77108;4034;1273;1620
77112;4564;705;1431
77116;4029;604;1472
77120;2890;564;1306
77124;2387;418;1058
77128;1399;255;756
77132;928;139;708
77136;173;101;729
77140;-218;24;828
77144;-325;-1;827
77148;-401;67;858
77152;-409;88;889
77156;-417;113;886
77160;-817;-27;1384
77164;-876;66;1357
77168;-945;66;1439
77172;-982;124;1380
77176;-1772;-256;1222
77180;-2121;-155;1141
77184;-2542;-217;1004
77188;-2706;-313;751
77192;-2754;-332;716
77196;-2712;-256;644
77200;-2578;-248;595
77204;-2146;-131;572
77208;-2011;-196;635
77212;-2033;-178;734
77216;-1953;-83;960
77220;-1773;-57;1021
77224;-1265;-7;1068
77228;-1041;39;1130
77232;-814;49;1193
77236;-908;-192;1369
77240;-1055;76;1226
77244;-730;53;841
77248;-603;135;925
77252;-75;284;841
77256;370;-148;800
77260;410;-326;778
77264;655;162;773
77268;3467;1724;816
77272;4586;756;1146
77276;4058;342;1358
77280;2768;347;1390
77284;1708;204;1125
77288;1167;55;980
77292;348;-154;896
77296;184;-151;878
77300;53;-146;869
77304;-43;-146;849
77308;-100;-143;847
77312;-222;-144;860
77316;-275;-145;880
77320;-302;-112;909
77324;-303;-117;1004
77328;-337;-102;1251
77332;-370;-79;1252
77336;-354;-78;1270
77340;-334;-22;1162
77344;-331;-25;1024
77348;-339;-1;976
77352;-343;33;910
77356;-347;40;892
77360;-487;-41;874
77364;-639;-97;858
77368;-807;-41;940
77372;-892;-326;1054
77376;-1639;-390;921
77380;-1500;-202;982
77384;-1336;-164;950
77388;-1063;-160;877
77392;-932;-130;937
77396;-810;-102;1039
77400;-845;-129;1168
77404;-840;-143;1194
77408;-796;-135;1236
77412;-765;-25;1289
77416;-621;-120;1187
77420;-549;-87;1107
77424;-450;-65;1080
77428;-350;-33;1000
77432;-310;-55;957
77436;-240;-66;909
77440;-189;-67;939
77444;-44;-41;967
77448;91;-34;1025
77452;145;-30;1035
77456;233;-32;1036
77460;255;-40;1020
77464;234;-57;1031
77468;198;-91;1027
77472;96;-113;1041
77476;-16;-123;1048
77480;-74;-129;1042
77484;-150;-140;1024
77488;-182;-141;997
77492;-216;-141;964
77496;-251;-141;911
77500;-264;-143;879
77504;-293;-175;861
77508;-318;-166;858
77512;-322;-139;882
77516;-332;-137;900
77520;-324;-139;901
77524;-299;-133;942
77528;-280;-124;958
77532;-265;-121;998
77536;-264;-123;1017
77540;-281;-122;1022
77544;-272;-128;1033
77548;-263;-115;1030
77552;-279;-118;1007
77556;-295;-126;989
77560;-285;-134;978
77564;-267;-129;960
77568;-240;-130;964
77572;-230;-121;996
77576;-242;-131;1014
77580;-241;-104;1063
77584;-246;-100;1037
77588;-238;-150;1036
77592;-223;-154;1021
77596;-221;-163;1009
77600;-219;-130;1006
77604;-226;-135;998
77608;-213;-102;981
77612;-216;-121;946
77616;-216;-132;929
77620;-196;-122;958
77624;-203;-132;992
77628;-178;-147;1002
77632;-181;-149;1031
77636;-190;-131;1027
77640;-210;-140;993
77644;-200;-140;965
77648;-207;-154;934
77652;-215;-162;936
77656;-240;-158;969
77660;-212;-152;997
77664;-182;-157;1012
77668;-201;-134;1035
77672;-208;-145;1031
77676;-177;-168;1014
77680;-196;-141;1036
77684;-243;-217;1044
77688;-137;-218;1021
77692;-121;-213;1023
77696;-144;-171;1012
77700;-152;-177;1002
77704;-162;-178;965
77708;-167;-182;923
77712;-131;-174;910
77716;-96;-175;884
77720;-92;-179;876
77724;-106;-177;868
77728;-92;-168;908
77732;-88;-155;931
77736;-143;-118;970
77740;-150;-198;967
77744;-168;-167;1033
77748;-161;-165;1049
77752;-155;-163;1065
77756;-171;-172;1032
77760;-190;-170;1010
77764;-207;-176;948
77768;-203;-173;917
77772;-202;-172;901
77776;-206;-172;916
77780;-203;-170;915
77784;-217;-172;920
77788;-223;-163;927
77792;-227;-165;950
77796;-227;-163;948
77800;-228;-149;969
77804;-252;-178;978
77808;-263;-144;1013
77812;-270;-157;1054
77816;-265;-146;1070
77820;-249;-141;1043
77824;-242;-145;1010
77828;-227;-132;995
77832;-81;304;562
77836;-136;-260;569
77840;-631;-632;571
77844;-682;-626;944
77848;-229;-125;1139
77852;-7;-84;1100
77856;67;23;1248
77860;-169;-140;1219
77864;-220;-174;1180
77868;-275;-145;1089
77872;-258;-176;1006
77876;-196;-133;1005
77880;-207;-136;1009
77884;-226;-131;1019
77888;-241;-118;1042
77892;-241;-126;1044
77896;-261;-130;1045
77900;-268;-135;1003
77904;-274;-146;994
77908;-258;-141;972
77912;-251;-145;958
77916;-253;-145;981
77920;-244;-141;1019
77924;-256;-132;1025
77928;-265;-126;1008
77932;-258;-128;996
77936;-224;-130;965
77940;-215;-131;960
77944;-200;-128;966
77948;-203;-124;985
77952;-221;-130;1001
77956;-236;-126;1007
77960;-241;-133;1006
77964;-229;-133;1009
77968;-230;-128;1005
77972;-234;-129;1019
77976;-245;-131;1021
77980;-244;-140;1023
77984;-241;-139;1013
77988;-236;-135;1007
77992;-235;-136;998
77996;-229;-142;970
78000;-224;-134;965
78004;-208;-128;961
78008;-203;-120;951
78012;-196;-122;972
78016;-197;-125;983
78020;-198;-127;982
78024;-209;-136;998
78028;-215;-131;999
78032;-231;-131;1017
78036;-233;-138;1010
78040;-227;-129;1006
78044;-226;-134;992
78048;-217;-129;977
78052;-214;-125;993
78056;-204;-125;998
78060;-206;-129;994
78064;-205;-127;999
78068;-215;-125;994
78072;-226;-126;989
78076;-228;-133;990
78080;-235;-130;998
78084;-231;-138;994
78088;-235;-135;975
78092;-230;-132;934
78096;-221;-140;926
78100;-221;-129;936
78104;-218;-136;946
78108;-218;-125;975
78112;-220;-133;997
78116;-229;-128;998
78120;-229;-140;1010
78124;-218;-131;1002
78128;-192;-105;991
78132;-216;-119;990
78136;-265;-139;1014
78140;-267;-126;1045
78144;-253;-121;1050
78148;-232;-137;1015
78152;-234;-135;993
78156;-248;-110;979
78160;-253;-119;975
78164;-262;-120;980
78168;-263;-124;998
78172;-262;-120;997
78176;-258;-119;1008
78180;-256;-125;1024
78184;-245;-128;1037
78188;-244;-123;1045
78192;-245;-118;1042
78196;-239;-123;1023
78200;-246;-116;1008
78204;-238;-123;981
78208;-237;-126;973
78212;-238;-125;947
78216;-238;-122;949
78220;-232;-113;954
78224;-214;-107;967
78228;-217;-114;983
78232;-207;-110;996
78236;-200;-116;1000
78240;-209;-118;1003
78244;-208;-122;997
78248;-206;-126;1002
78252;-205;-114;1009
78256;-204;-122;995
78260;-208;-119;999
78264;-212;-121;1004
78268;-205;-123;1004
78272;-215;-121;983
78276;-226;-129;976
78280;-225;-125;986
78284;-223;-123;988
78288;-231;-117;988
78292;-236;-124;992
78296;-240;-121;997
78300;-240;-110;1009
78304;-258;-122;996
78308;-243;-124;992
78312;-244;-117;982
78316;-247;-114;978
78320;-231;-112;972
78324;-219;-113;976
78328;-207;-100;979
78332;-208;-106;985
78336;-205;-109;981
78340;-213;-110;995
78344;-216;-110;991
78348;-220;-117;1001
78352;-226;-121;1001
78356;-228;-118;1000
78360;-230;-117;1000
78364;-230;-116;998
78368;-221;-114;969
78372;-220;-113;959
78376;-221;-120;956
78380;-224;-116;968
78384;-240;-114;975
78388;-242;-111;989
78392;-245;-115;994
78396;-233;-96;1010
78400;-228;-97;1026
78404;-232;-101;1025
78408;-238;-97;1034
79042;-274;-88;983
84294;316;-859;-292
84298;316;-859;-292
84302;316;-859;-292
84306;316;-859;-292
84310;316;-859;-292
84314;316;-859;-292
84318;316;-859;-292
84322;316;-859;-292
84326;316;-859;-292
84330;316;-859;-292
84334;316;-859;-292
84338;316;-859;-292
84342;316;-859;-292
84346;316;-859;-292
84350;316;-859;-292
84354;316;-859;-292
84358;316;-859;-292
84362;-314;-730;1279
84366;-167;-968;1129
84370;-863;-446;1266
84374;-491;-658;837
84378;-228;-792;767
84382;-76;-603;935
84386;-81;-583;1034
84390;-126;-552;1118
84394;-133;-560;1150
84398;-76;-628;1154
84402;-35;-571;1265
84406;-18;-581;1296
84410;-99;-612;1382
84414;-131;-589;1407
84418;-163;-574;1447
84422;-154;-558;1381
84426;-108;-548;1302
84430;-113;-554;1176
84434;-111;-553;1142
84438;-95;-553;1045
84442;-80;-528;1009
84446;-36;-501;961
84450;-13;-469;908
84454;-2;-466;876
84458;-2;-467;843
84462;-2;-465;828
84466;11;-437;798
84470;24;-437;788
84474;21;-422;791
84478;-29;-463;803
84482;-50;-479;821
84486;-106;-444;844
84490;-139;-426;858
84494;-191;-421;863
84498;-206;-440;823
84502;-230;-441;807
84506;-242;-471;791
84510;-243;-477;775
84514;-273;-472;772
84518;-303;-476;786
84522;-333;-482;811
84526;-336;-479;841
84530;-325;-475;851
84534;-303;-467;903
84538;-282;-467;930
84542;-224;-461;966
84546;-202;-467;979
84550;-150;-421;1006
84554;-145;-425;1067
84558;-158;-431;1072
84562;-209;-437;1087
84566;-228;-434;1092
84570;-237;-429;1091
84574;-241;-441;1058
84578;-236;-429;1067
84582;-236;-445;1036
84586;-229;-449;1026
84590;-244;-468;1041
84594;-237;-404;982
84598;-304;-419;965
84602;-382;-426;911
84606;-393;-454;912
84610;-428;-453;889
84614;-450;-468;888
84618;-432;-467;894
84622;-383;-442;907
84626;-354;-420;911
84630;-313;-412;928
84634;-305;-413;937
84638;-303;-416;950
84642;-297;-405;928
84646;-291;-407;921
84650;-296;-401;898
84654;-293;-404;889
84658;-260;-407;870
84662;-226;-420;873
84666;-216;-377;838
84670;-364;-395;795
84674;-408;-431;810
84678;-411;-434;832
84682;-412;-437;830
84686;-430;-445;848
84690;-441;-439;890
84694;-436;-454;931
84698;-328;-392;989
84702;-415;-378;955
84706;-622;-462;931
84710;-612;-474;911
84714;-492;-463;892
84718;-402;-427;878
84722;-385;-418;873
84726;-379;-409;904
84730;-386;-403;914
84734;-389;-404;927
84738;-399;-410;924
84742;-417;-410;921
84746;-424;-423;895
84750;-417;-412;901
84754;-426;-413;864
84758;-433;-416;851
84762;-437;-413;853
84766;-438;-420;886
84770;-446;-414;895
84774;-461;-418;924
84778;-456;-402;924
84782;-456;-419;950
84786;-456;-445;979
84790;-457;-432;1009
84794;-456;-418;1058
84798;-472;-423;1084
84802;-517;-434;1134
84806;-548;-454;1161
84810;-571;-480;1177
84814;-523;-500;1159
84818;-533;-555;1184
84822;-626;-548;1219
84826;-625;-544;1227
84830;-568;-559;1239
84834;-550;-548;1253
84838;-504;-550;1277
84842;-486;-568;1306
84846;-428;-530;1339
84850;-346;-499;1316
84854;-282;-477;1247
84858;-182;-452;1220
84862;-108;-457;1143
84866;-93;-467;1116
84870;-46;-470;1078
84874;-32;-487;1055
84878;13;-455;1040
84882;25;-470;1003
84886;63;-485;983
84890;69;-506;920
84894;61;-508;891
84898;58;-482;825
84902;59;-467;792
84906;39;-451;768
84910;21;-523;722
84914;44;-542;697
84918;121;-556;684
84922;151;-586;666
84926;179;-628;707
84930;206;-652;814
84934;212;-635;866
84938;193;-605;973
84942;161;-602;1023
84946;128;-605;1082
84950;114;-630;1118
84954;108;-623;1123
84958;132;-593;1107
84962;148;-591;1104
84966;194;-577;1064
84970;205;-560;1055
84974;288;-571;960
84978;301;-596;862
84982;329;-625;797
84986;314;-589;722
84990;327;-606;678
84994;316;-577;630
84998;301;-576;575
85002;270;-588;526
85006;277;-606;416
85010;301;-633;385
85014;333;-654;348
85018;345;-669;311
85022;377;-660;279
85026;392;-631;245
85030;380;-662;245
85034;395;-666;248
85038;399;-677;248
85042;405;-666;212
85046;412;-667;219
85050;452;-683;197
85054;476;-684;168
85058;489;-691;132
85062;523;-708;48
85066;531;-655;102
85070;682;-514;146
85074;671;-603;186
85078;679;-609;137
85082;715;-658;34
85086;739;-690;15
85090;779;-641;-55
85094;751;-637;-29
85098;694;-646;-20
85102;604;-678;-64
85106;582;-717;-106
85110;538;-697;-155
85114;533;-714;-165
85118;481;-633;-92
85122;450;-648;-58
85126;386;-658;-38
85130;373;-681;-93
85134;385;-688;-102
85138;454;-683;-104
85142;493;-669;-169
85146;601;-665;-177
85150;677;-632;-208
85154;689;-646;-206
85158;693;-649;-257
85162;682;-657;-281
85166;684;-639;-324
85170;677;-674;-337
85174;650;-667;-353
85178;680;-656;-407
85182;745;-625;-424
85186;712;-590;-377
85190;694;-612;-361
85194;653;-610;-389
85198;661;-626;-434
85202;583;-1200;-203
85206;715;-454;-528
85210;797;-548;-566
85214;593;-690;-391
85218;516;-670;-171
85222;519;-672;-146
85226;713;-819;-215
85230;705;-658;-286
85234;786;-513;-544
85238;687;-607;-343
85242;407;-701;-263
85246;481;-640;-351
85250;525;-644;-416
85254;851;-1351;-223
85258;795;-648;-323
85262;941;-474;-755
85266;832;-723;-707
85270;527;-527;-644
85274;259;-589;-275
85278;211;-680;-74
85282;161;-567;31
85286;113;-467;-128
85290;143;-529;-206
85294;281;-713;-184
85298;333;-574;-214
85302;396;-561;-409
85306;385;-338;-383
85310;467;-492;-325
85314;468;-396;-144
85318;480;-369;-135
85322;620;-308;-190
85326;663;-294;-246
85330;829;-414;-399
85334;869;-301;-579
85338;947;-397;-615
85342;964;-365;-604
85346;958;-310;-644
85350;929;-411;-658
85354;1138;-169;-618
85358;1568;-316;-434
85362;1303;-537;-840
85366;635;-546;-894
85370;438;-428;-794
85374;475;-432;-773
85378;664;-394;-727
85382;735;-418;-645
85386;762;-433;-592
85390;746;-438;-555
85394;733;-415;-511
85398;672;-409;-459
85402;676;-429;-459
85406;733;-416;-506
85410;750;-417;-578
85414;724;-418;-604
85418;616;-434;-576
85422;637;-424;-675
85426;672;-382;-769
85430;664;-398;-691
85434;602;-408;-677
85438;666;-427;-792
85442;840;-523;-788
85446;586;-318;-759
85450;472;-423;-734
85454;547;-322;-697
85458;583;-395;-751
85462;667;-391;-733
85466;677;-394;-765
85470;686;-386;-778
85474;706;-383;-775
85478;714;-370;-738
85482;779;-418;-739
85486;827;-317;-625
85490;628;-328;-666
85494;634;-387;-682
85498;675;-298;-716
85502;663;-418;-689
85506;674;-434;-742
85510;683;-416;-757
85514;712;-417;-709
85518;914;-503;-648
85522;680;-434;-692
85526;662;-425;-616
85530;666;-435;-599
85534;650;-421;-624
85538;627;-419;-639
85542;629;-418;-629
85546;611;-432;-615
85550;643;-425;-628
85554;625;-454;-650
85558;571;-483;-642
85562;577;-425;-678
85566;571;-434;-701
85570;601;-448;-780
85574;591;-438;-747
85578;575;-441;-741
85582;567;-445;-743
85586;584;-441;-735
85590;585;-436;-702
85594;572;-446;-689
85598;592;-434;-700
85602;580;-430;-693
85606;572;-434;-668
85610;554;-422;-671
85614;547;-438;-665
85618;666;-511;-727
85622;645;-433;-721
85626;434;-405;-645
85630;530;-461;-659
85634;553;-447;-755
85638;595;-451;-748
85642;569;-431;-687
85646;498;-437;-618
85650;511;-428;-700
85654;571;-477;-691
85658;545;-467;-683
85662;579;-447;-679
85666;535;-448;-656
85670;545;-468;-660
85674;527;-427;-670
85678;536;-416;-681
85682;552;-450;-742
85686;537;-434;-701
85690;515;-433;-751
85694;525;-491;-710
85698;535;-444;-705
85702;484;-412;-686
85706;476;-445;-711
85710;499;-446;-726
85714;483;-448;-712
85718;490;-433;-750
85722;502;-485;-768
85726;482;-435;-711
85730;468;-331;-568
85734;534;-484;-806
85738;591;-519;-914
85742;411;-511;-702
85746;489;-417;-741
85750;419;-428;-808
85754;505;-426;-746
85758;467;-434;-730
85762;472;-423;-776
85766;483;-425;-722
85770;430;-431;-737
85774;451;-432;-761
85778;415;-438;-781
85782;433;-437;-780
85786;404;-449;-790
85790;457;-439;-789
85794;516;-443;-713
85798;351;-449;-755
85802;473;-428;-807
85806;458;-431;-821
85810;518;-401;-812
85814;478;-424;-822
85818;462;-423;-861
85822;435;-425;-785
85826;428;-415;-763
85830;440;-414;-768
85834;438;-413;-758
85838;491;-378;-733
85842;353;-463;-832
85846;448;-383;-839
85850;416;-385;-864
85854;466;-385;-784
85858;326;-460;-859
85862;422;-409;-865
85866;395;-414;-837
85870;417;-414;-832
85874;451;-394;-796
85878;398;-411;-856
85882;408;-433;-894
85886;405;-433;-867
85890;405;-418;-826
86515;323;-416;-880
92268;387;-428;-805
97784;225;-514;-809
103817;-417;349;863
109876;520;-160;-818
115907;-512;-309;821
117456;870;-130;320
117460;894;-114;413
117464;973;-262;228
117468;989;-280;149
117472;959;-245;83
117476;955;-150;435
117480;907;-222;402
117484;924;-306;241
117488;932;-253;191
117492;914;3;310
117496;922;-260;165
117500;879;-252;210
117504;831;-268;259
117508;894;-261;189
117512;1014;-118;111
117516;1082;-271;-143
117520;977;-272;-114
117524;936;-274;-120
117528;929;-265;-143
117532;912;-282;-164
117536;856;-271;-261
117540;812;-274;-262
117544;843;-307;-258
117548;871;-278;-365
117552;843;-304;-344
117556;853;-265;-352
117560;927;-297;-283
117564;971;-297;-380
117568;1056;-331;-524
117572;961;-304;-508
117576;926;-299;-480
117580;869;-309;-385
117584;881;-311;-415
117588;880;-319;-458
117592;865;-316;-590
117596;844;-304;-660
117600;827;-294;-699
117604;815;-309;-665
117608;831;-315;-492
117612;875;-321;-539
117616;961;-321;-556
117620;972;-308;-533
117624;986;-300;-516
117628;1010;-295;-503
117632;1023;-292;-530
117636;1012;-285;-572
117640;1061;-240;-950
117644;1071;-234;-1078
117648;1017;-223;-1029
117652;919;-234;-931
117656;780;-259;-807
117660;762;-277;-760
117664;719;-299;-756
117668;463;-309;-480
117672;331;-306;-230
117676;303;-276;177
117680;301;-282;350
117684;370;-263;547
117688;419;-289;500
117692;363;-285;481
117696;297;-174;603
117700;186;-348;648
117704;95;-336;805
117708;56;-293;1078
117712;14;-259;1128
117716;-48;-284;1315
117720;-57;-269;1278
117724;-118;-283;1352
117728;-164;-313;1306
117732;-171;-316;1198
117736;-186;-323;1142
117740;-181;-337;1153
117744;-165;-350;1090
117748;-258;-389;1110
117752;-200;-350;1095
117756;-112;-240;1050
117760;-142;-275;1006
117764;-296;-312;1090
117768;-352;-479;1164
117772;-234;-302;1091
117776;-246;-328;1001
117780;-314;-334;930
117784;-298;-265;913
117788;-305;-363;919
117792;-254;-306;928
117796;-283;-324;977
117800;-279;-331;974
117804;-309;-326;945
117808;-324;-374;909
117812;-469;-381;849
117816;-457;-282;725
117820;-482;-305;716
117824;-520;-344;763
117828;-534;-327;914
117832;-517;-315;880
117836;-478;-410;915
117840;-634;-329;1028
117844;-593;-219;1036
117848;-607;-365;822
117852;-648;-304;1054
117856;-602;-312;1050
117860;-563;-324;907
117864;-528;-317;847
117868;-680;-373;898
117872;-590;-310;855
117876;-459;-284;875
117880;-429;-261;819
117884;-425;-254;794
117888;-548;-305;896
117892;-577;-325;933
117896;-553;-318;903
117900;-545;-317;855
117904;-534;-315;842
117908;-509;-306;823
117912;-509;-314;828
117916;-509;-313;828
117920;-526;-310;830
117924;-519;-322;823
117928;-539;-316;843
117932;-540;-316;857
117936;-542;-342;836
117940;-537;-326;827
117944;-529;-336;831
117948;-518;-326;818
117952;-503;-329;820
117956;-494;-333;807
117960;-490;-332;802
117964;-525;-330;839
117968;-531;-337;843
117972;-542;-346;844
117976;-545;-337;839
117980;-556;-327;852
117984;-540;-332;835
117988;-541;-323;815
117992;-561;-335;831
117996;-560;-329;800
118000;-540;-329;790
118004;-515;-311;783
118008;-513;-313;787
118012;-513;-310;790
118016;-536;-313;788
118020;-561;-318;815
118024;-573;-327;815
118028;-566;-329;805
118032;-546;-315;801
118036;-538;-321;791
118040;-534;-324;795
118044;-544;-319;794
118048;-531;-346;774
118052;-542;-343;798
118056;-544;-343;801
118060;-539;-341;791
118064;-539;-353;792
118068;-549;-354;819
118072;-550;-347;838
118076;-557;-351;838
118080;-550;-354;828
118084;-550;-345;843
118088;-570;-347;836
118092;-577;-340;822
118096;-586;-342;804
118100;-587;-347;793
118104;-579;-348;808
118108;-544;-336;823
118112;-542;-326;816
118116;-538;-331;836
118120;-539;-328;848
118124;-554;-333;849
118128;-568;-339;846
118132;-573;-331;857
118136;-572;-320;853
118140;-577;-319;852
118144;-571;-327;849
118148;-522;-331;802
118152;-497;-315;795
118156;-455;-292;775
118160;-429;-276;745
118164;-426;-293;760
118168;-422;-281;791
118172;-410;-280;791
118176;-425;-291;813
118180;-437;-295;822
118184;-439;-316;825
118188;-433;-320;841
118192;-427;-315;838
118196;-418;-311;837
118200;-404;-317;837
118204;-366;-322;839
118208;-374;-283;856
118212;-453;-334;885
118216;-445;-318;863
118220;-417;-311;845
118224;-413;-306;776
118228;-423;-321;765
118232;-410;-315;733
118236;-426;-289;732
118240;-436;-253;874
118244;-358;-294;687
118248;-372;-259;777
118252;-341;-251;849
118256;-315;-264;843
118260;-369;-234;860
118264;-343;-292;831
118268;-299;-227;873
118272;-329;-270;817
118276;-261;-265;784
118280;-319;-218;824
118284;-303;-257;812
118288;-257;-244;821
118292;-250;-234;847
118296;-229;-260;862
118300;-258;-270;851
118304;-351;-411;751
118308;-304;-236;944
118312;-191;-226;968
118316;-154;-183;945
118320;-171;-227;974
118324;-203;-215;979
118328;-221;-141;985
118332;-174;-75;970
118336;-159;-142;943
118340;-232;-208;887
118344;-271;-226;890
118348;-288;-218;915
118352;-292;-217;918
118356;-286;-206;949
118360;-254;-216;968
118364;-265;-222;986
118368;-255;-204;1009
118372;-240;-197;1017
118376;-207;-213;1027
118380;-223;-189;1027
118384;-244;-230;1036
118388;-165;-179;1182
118392;-94;-144;1416
118396;-118;-184;1473
118400;-137;-195;1423
118404;-191;-219;1188
118408;-192;-212;1087
118412;-166;-191;1056
118416;-177;-204;920
118420;-188;-197;893
118424;-209;-205;883
118428;-237;-217;921
118432;-263;-244;927
118436;-284;-250;906
118440;-267;-247;882
118444;-245;-242;854
118448;-241;-241;875
118452;-208;-209;935
118456;-199;-203;1024
118460;-207;-204;1075
118464;-223;-201;1131
118468;-228;-203;1144
118472;-236;-194;1160
118476;-231;-202;1164
118480;-236;-186;1169
118484;-222;-179;1164
118488;-240;-186;1148
118492;-250;-199;1094
118496;-254;-194;1057
118500;-253;-200;999
118504;-256;-208;965
118508;-241;-206;948
118512;-220;-189;931
118516;-217;-211;927
118520;-217;-183;922
118524;-228;-196;1015
118528;-239;-178;914
118532;-193;-210;923
118536;-225;-189;957
118540;-256;-188;1022
118544;-266;-189;1025
118548;-282;-186;1052
118552;-309;-184;1077
118556;-345;-185;1073
118560;-371;-185;1051
118564;-371;-184;1041
118568;-414;-177;1005
118572;-391;-166;962
118576;-399;-170;951
118580;-418;-185;932
118584;-422;-186;925
118588;-414;-182;902
118592;-410;-176;894
118596;-395;-181;877
118600;-396;-180;880
118604;-396;-180;882
118608;-400;-177;904
118612;-400;-184;910
118616;-381;-181;925
118620;-364;-197;922
118624;-357;-153;941
118628;-421;-177;964
118632;-391;-218;953
118636;-378;-157;944
118640;-359;-169;932
118644;-374;-159;937
118648;-398;-180;972
118652;-417;-180;984
118656;-415;-172;979
118660;-416;-178;950
118664;-412;-215;914
118668;-432;-184;943
118672;-461;-194;956
118676;-454;-186;992
118680;-447;-186;1008
118684;-417;-186;1003
118688;-412;-190;998
118692;-415;-185;997
118696;-419;-179;977
118700;-424;-186;957
118704;-423;-187;935
118708;-422;-197;930
118712;-424;-192;929
118716;-418;-186;928
118720;-417;-186;927
118724;-364;-148;899
118728;-315;-156;893
118732;-284;-160;861
118736;-305;-166;858
118740;-414;-208;867
118744;-425;-208;933
118748;-395;-226;950
118752;-441;-175;947
118756;-469;-177;961
118760;-463;-201;1001
118764;-453;-203;972
118768;-444;-200;956
118772;-412;-185;919
118776;-381;-189;915
118780;-395;-176;901
118784;-422;-180;911
118788;-410;-188;945
118792;-432;-197;925
118796;-441;-199;916
118800;-418;-211;898
118804;-388;-200;880
118808;-476;-189;890
118812;-508;-218;955
118816;-795;-279;908
118820;-508;-219;847
118824;-413;-204;858
118828;-403;-172;917
118832;-507;-193;929
118836;-530;-217;895
118840;-498;-218;872
118844;-445;-208;856
118848;-448;-205;871
118852;-465;-208;876
118856;-452;-207;877
118860;-448;-202;877
118864;-459;-203;855
118868;-460;-200;853
118872;-463;-214;860
118876;-460;-198;885
118880;-445;-205;848
118884;-460;-204;888
118888;-456;-214;891
118892;-444;-206;901
118896;-449;-208;925
118900;-453;-216;941
118904;-460;-216;923
118908;-461;-229;925
118912;-450;-223;903
118916;-439;-223;845
118920;-451;-221;859
118924;-495;-223;878
118928;-484;-224;826
118932;-454;-227;803
118936;-464;-244;815
118940;-534;-251;809
118944;-492;-241;833
118948;-507;-241;839
118952;-529;-238;849
118956;-528;-240;866
118960;-540;-250;869
118964;-545;-252;884
118968;-558;-224;885
118972;-505;-241;911
118976;-477;-236;928
118980;-490;-242;926
118984;-483;-227;917
118988;-466;-226;910
118992;-478;-225;885
118996;-486;-235;876
119000;-463;-217;873
119004;-468;-222;840
119008;-466;-219;871
119012;-455;-209;858
119016;-447;-225;857
119020;-470;-230;850
119024;-472;-235;806
119028;-488;-244;816
119032;-513;-228;837
119036;-513;-225;831
119040;-530;-238;831
119044;-516;-235;831
119048;-481;-226;800
119052;-460;-228;587
122969;72;-16;1006
129005;310;-1;966
135062;316;-1;963
141090;319;-1;962
147147;320;-1;962
153179;320;-1;961
159224;321;0;962
165269;321;-1;962
171316;321;-1;962
177358;321;-1;961
183402;321;-1;961
189446;321;-1;962
195492;321;-1;961
201535;321;-1;961
207582;321;-2;960
213640;321;-1;961
219671;321;-2;961
225713;321;-2;962
231756;321;-1;962
237802;321;-1;962
243846;320;-1;962
249892;322;-1;961
255948;321;-1;961
261978;322;-1;962
268022;321;-2;962
274066;321;-2;961
280111;322;-2;961
286154;322;-2;961
292200;321;-2;961
298244;321;-1;962
304285;321;-2;961
310328;322;-1;962
316373;321;-2;962
322417;321;-1;962
328460;321;-2;962
334505;321;-2;962
340551;321;-1;962
346594;322;-2;962
352648;321;-1;961
358680;321;-2;962
364724;322;-1;962
370768;321;-2;962
376813;322;-1;962
382860;321;-1;962
388904;321;-2;962
394962;321;-1;962
400991;321;-1;962
407035;322;-2;962
413080;320;-1;961
419124;320;-2;962
425167;321;-1;962
431224;321;-2;962
437269;321;-2;962
443300;320;-2;961
449341;321;-1;962
455387;321;-2;961
461430;320;-1;962
467471;320;-2;962
473518;320;-1;962
479587;321;-1;961
485604;320;-2;962
491647;321;-2;962
497694;320;-2;961
503735;321;-1;962
509781;320;-1;961
515823;320;-2;962
521882;321;-2;961
527909;321;-2;962
533953;320;-1;963
539997;320;-1;962
546040;320;-2;962
552085;321;-2;961
558126;319;-2;961
564185;320;-2;962
570212;320;-1;962
576257;321;-1;962
582300;321;-2;961
588343;320;-2;962
594389;320;-1;962
600430;320;-2;962
606492;321;-1;962
612872;319;-1;962
618561;320;-1;963
624606;319;-1;962
630650;320;-1;962
636691;320;-1;962
642736;320;-2;962
648793;319;-1;962
654822;320;-2;962
660867;320;-2;962
666910;320;-2;962
672953;320;-1;962
678999;320;-1;962
685041;320;-2;961
691103;320;-1;962
697129;319;-2;962
703174;320;-1;962
709217;320;-2;962
715250;319;-2;962
721307;320;-2;962
727349;320;-1;962
733411;320;-2;962
739438;319;-2;962
745482;319;-2;962
751525;319;-1;962
757570;320;-1;962
763614;320;-1;963
769660;320;-1;962
775720;320;-1;962
781750;319;-1;963
787792;320;-2;962
793836;319;-2;963
799881;320;-1;962
805924;319;-2;963
811972;319;-1;962
818029;319;-2;962
824061;320;-2;963
830117;319;-2;962
836150;318;-2;963
842197;319;-2;963
848238;319;-1;962
854284;319;-1;962
860348;318;-2;961
866373;319;-1;963
872432;319;-1;963
878465;319;-2;963
884511;318;-2;963
890553;319;-2;962
896599;319;-2;963
902660;319;-2;963
908688;319;-2;963
914734;319;-2;963
920793;319;-1;961
926823;318;-2;962
932865;318;-1;962
938912;319;-1;962
944956;319;-1;962
951002;319;-1;963
957044;319;-1;962
963103;319;-1;962
969133;318;-1;962
975177;319;-1;962
981223;319;-1;962
987266;318;-2;963
993322;319;-1;962
999355;319;-2;963
1005413;319;-1;963
1011443;318;-2;962
1017489;319;-1;962
1023533;319;-1;963
1029576;318;-2;963
1035619;319;-2;963
1041665;318;-1;962
1047709;319;-1;962
1053752;318;-1;962
1059797;318;-1;962
1065842;318;-1;962
1071883;318;-1;962
1077927;318;-2;963
1083971;318;-2;963
1090015;319;-2;963
1096059;318;-2;962
1102105;318;-1;963
1108148;319;-2;963
1114190;318;-1;963
1120246;318;-1;963
1126281;318;-2;963
1132323;318;-2;963
1138367;318;-2;963
1144413;318;-1;963
1150474;319;-1;962
1156497;318;-2;963
1162540;318;-2;963
1168585;318;-1;963
1174629;318;-1;963
1180675;318;-2;963
1186717;318;-1;962
1192780;318;-1;963
1198807;318;-2;962
1204850;318;-1;962
1210896;319;-1;963
1216634;322;1;950
1216638;322;1;950
1216642;322;1;950
1216646;322;1;950
1216650;322;1;950
1216654;322;1;950
1216658;322;1;950
1216662;322;1;950
1216666;322;1;950
1216670;738;119;1070
1216674;906;65;875
1216678;760;56;952
1216682;576;-24;821
1216686;655;-25;818
1216690;601;28;888
1216694;629;0;884
1216698;691;6;890
1216702;528;-14;874
1216706;575;-40;786
1216710;556;4;855
1216714;570;6;883
1216718;373;-5;870
1216722;342;-12;907
1216726;326;-6;932
1216730;303;-5;971
1216734;292;-7;981
1216738;285;1;1030
1216742;294;19;1083
1216746;269;6;1035
1216750;271;4;1061
1216754;274;4;1042
1216758;289;7;1033
1216762;299;4;1009
1216766;303;6;1006
1216770;301;-5;974
1216774;311;-8;966
1216778;313;-2;947
1216782;326;-2;933
1216786;335;0;914
1216790;337;-5;915
1216794;318;-9;940
1216798;305;-33;919
1216802;330;-9;922
1216806;332;14;928
1216810;325;8;935
1216814;298;-15;988
1216818;308;1;1001
1216822;299;5;1002
1216826;287;-6;1025
1216830;287;-3;1012
1216834;287;-1;1017
1216838;290;-7;1017
1216842;299;-1;1006
1216846;298;5;969
1216850;316;3;975
1216854;308;-18;975
1216858;309;-2;973
1216862;321;4;950
1216866;323;0;957
1216870;312;-9;954
1216874;316;-13;964
1216878;312;-11;971
1216882;308;-36;939
1216886;318;-16;939
1216890;320;7;1017
1216894;298;-31;984
1216898;323;-15;990
1216902;326;2;999
1216906;313;7;995
1216910;316;8;972
1216914;339;31;961
1216918;267;24;947
1216922;306;7;978
1216926;318;12;979
1216930;337;5;982
1216934;309;-1;991
1216938;285;3;1004
1216942;288;17;994
1216946;284;11;992
1216950;289;2;998
1216954;296;-4;998
1216958;297;-7;988
1216962;300;-9;989
1216966;300;-6;977
1216970;317;2;952
1216974;318;6;965
1216978;320;-9;956
1216982;327;-6;948
1216986;327;0;940
1216990;316;2;967
1216994;312;-2;968
1216998;314;1;978
1217002;315;3;980
1217006;300;-1;988
1217010;302;0;998
1217014;301;2;998
1217018;295;-1;994
1217022;294;2;999
1217026;296;4;1000
1217030;298;0;990
1217034;299;3;983
1217038;303;-3;984
1217042;303;4;984
1217046;310;2;975
1217050;308;-1;972
1217054;310;1;966
1217058;314;-8;962
1217062;316;1;965
1217066;307;0;970
1217070;314;1;974
1217074;307;-2;977
1217078;306;0;981
1217082;307;2;982
1217086;305;3;988
1217090;305;0;986
1217094;300;-2;983
1217098;302;0;984
1217102;304;2;987
1217106;300;-2;982
1217110;303;1;981
1217114;298;2;973
1217118;302;-2;978
1217122;312;2;976
1217126;308;-5;971
1217130;313;1;970
1217134;304;1;981
1217138;302;-1;968
1217142;309;-3;976
1217146;307;3;966
1217150;308;0;974
1217154;311;0;980
1217158;293;4;980
1217162;328;1;978
1217166;334;18;981
1217170;271;-14;985
1217174;316;28;968
1217178;298;-22;996
1217182;260;6;962
1217186;347;36;955
1217190;266;-39;996
1217194;287;-20;996
1217198;321;20;957
1217202;285;-13;971
1217206;318;1;984
1217210;300;-16;972
1217214;325;8;963
1217218;287;-2;986
1217222;282;-27;978
1217226;334;19;971
1217230;299;-4;988
1217234;310;1;982
1217238;300;-2;981
1217242;294;-14;985
1217246;321;14;972
1217250;300;4;976
1217254;311;4;978
1217258;322;1;983
1217262;303;-6;975
1217266;312;-6;972
1217270;294;-19;974
1217274;314;-10;954
1217278;328;2;959
1217282;306;2;975
1217286;314;9;974
1217290;314;20;975
1217294;297;-2;1005
1217298;293;0;1013
1217302;298;8;995
1217306;295;-8;1001
1217310;298;6;979
1217314;307;-2;977
1217318;305;-11;973
1217322;310;2;965
1217326;315;10;968
1217330;310;-6;970
1217334;304;7;980
1217338;305;-4;983
1217342;302;0;996
1217346;299;1;989
1217350;297;1;993
1217354;301;6;985
1217358;304;1;983
1217362;307;5;978
1217366;308;-1;972
1217370;310;-1;968
1217374;308;2;973
1217378;306;-1;976
1217382;307;1;981
1217386;310;2;983
1217390;299;1;989
1217394;301;1;982
1217398;300;2;980
1217402;306;0;984
1217406;303;-4;973
1217410;307;3;977
1217414;307;-1;979
1217418;303;-1;976
1217422;311;-4;981
1217426;309;2;979
1217430;306;1;987
1217434;299;-1;979
1217438;301;-4;983
1217442;304;2;982
1217446;307;1;976
1217450;305;6;985
1217454;299;2;972
1217458;300;2;972
1217462;302;2;976
1217466;302;-1;974
1217470;307;-1;965
1217474;305;0;973
1217478;299;1;982
1217482;303;0;988
1217486;303;3;981
1217490;303;-1;980
1217494;304;1;976
1217498;305;-5;975
1217502;306;0;978
1217506;308;-2;981
1217510;304;2;989
1217514;312;-4;982
1217518;305;1;979
1217522;309;0;977
1217526;305;-7;972
1217530;304;-3;977
1217534;301;0;981
1217538;303;4;979
1217542;303;2;982
1217546;305;-4;977
1217550;300;-6;981
1217554;299;-4;976
1217558;307;3;978
1217562;300;3;980
1217566;302;4;978
1217570;305;-7;986
1217574;304;1;982
1217578;306;3;984
1217582;301;-4;976
1217586;301;-2;977
1217590;298;-1;980
1217594;302;1;980
1217598;298;-2;983
1217602;305;1;974
1217606;307;-4;981
1217610;302;2;975
1217614;308;2;982
1217618;303;1;981
1217622;300;5;986
1217626;298;0;979
1217630;300;4;989
1217634;306;2;979
1217638;300;-1;989
1217642;306;4;981
1217646;297;-2;979
1217650;304;-4;987
1217654;308;-1;984
1217658;306;-2;973
1217662;307;2;982
1217666;304;-5;987
1217670;301;3;977
1217674;300;0;983
1217678;301;1;988
1217682;300;-4;982
1217686;302;1;984
1217690;305;3;976
1217694;306;1;979
1217698;304;-1;973
1217702;304;1;980
1217706;305;-7;978
1217710;302;-2;981
1217714;305;4;982
1217718;303;-3;983
1217722;307;-2;979
1217726;305;1;977
1217730;303;2;978
1217734;307;-1;980
1217738;305;2;985
1217742;301;0;973
1217746;298;2;983
1217750;298;1;987
1217754;301;-1;983
1217758;301;4;982
1217762;301;2;982
1217766;297;1;991
1217770;306;0;981
1217774;303;4;980
1217778;302;2;979
1217782;300;0;978
1217786;306;-2;978
1217790;297;2;976
1217794;307;4;981
1217798;299;-2;982
1217802;304;2;980
1217806;297;5;976
1217810;304;5;979
1217814;304;-1;979
1217818;301;2;983
1217822;309;-1;985
1217826;306;-6;982
1217830;303;5;980
1217834;303;-1;977
1217838;300;5;979
1217842;302;0;978
1217846;303;-1;985
1217850;298;-4;971
1217854;309;-7;969
1217858;304;3;975
1217862;302;5;985
1217866;309;4;981
1217870;302;5;978
1217874;302;1;975
1217878;303;3;981
1217882;304;5;985
1217886;301;5;983
1217890;301;6;986
1217894;299;4;980
1217898;303;-1;980
1217902;303;0;979
1217906;304;-1;978
1217910;305;-1;976
1217914;306;1;974
1217918;305;-2;983
1217922;304;1;986
1217926;302;0;983
1217930;306;-4;985
1217934;302;-1;985
1217938;304;0;975
1217942;304;7;976
1217946;299;0;978
1217950;309;-1;976
1217954;304;4;980
1217958;306;1;977
1217962;300;1;978
1217966;300;-2;982
1217970;305;0;982
1217974;305;-1;982
1217978;304;1;980
1217982;303;-2;979
1217986;304;5;981
1217990;306;-4;980
1217994;305;-2;974
1217998;304;-2;983
1218002;299;1;980
1218006;301;-1;986
1218010;311;5;986
1218014;300;-2;983
1218018;297;0;982
1218022;303;0;980
1218026;307;-2;978
1218030;301;-5;981
1218034;307;1;977
1218038;304;1;976
1218042;306;-3;976
1218046;305;-1;976
1218050;299;1;977
1218054;301;3;981
1218058;300;3;976
1218062;303;-2;977
1218066;305;3;974
1218070;303;-1;979
1218074;300;3;983
1218078;298;-7;979
1218082;304;-6;978
1218086;298;2;978
1218090;299;1;981
1218094;301;5;988
1218098;304;3;984
1218102;300;0;980
1218106;297;-1;987
1218110;300;-1;982
1218114;307;2;978
1218118;299;2;974
1218122;301;0;975
1218126;300;-2;970
1218130;305;4;978
1218134;307;0;977
1218138;300;0;975
1218142;313;-3;981
1218146;305;-2;978
1218150;305;6;976
1218154;303;-1;975
1218158;306;2;984
1218162;308;2;986
1218166;301;0;978
1218170;307;4;980
1218174;300;1;985
1218178;305;0;978
1218182;300;-1;979
1218186;299;2;980
1218190;300;1;988
1218194;294;-2;982
1218198;299;-1;975
1218202;303;-2;979
1218206;303;0;980
1218210;300;6;976
1218214;298;1;977
1218218;300;0;976
1218222;304;-2;977
1218226;304;-2;982
1218230;302;4;981
1218877;300;0;974
1223990;239;1;986
1230034;265;0;977
1236076;269;0;976
1242121;269;1;976
1248163;268;0;977
1254221;269;0;977
1260250;269;0;977
1266296;268;0;977
1272338;268;0;977
1278381;269;1;977
1284427;268;0;977
1290470;268;0;976
1296512;268;1;977
1302556;269;0;977
1308599;269;1;977
1314661;269;0;977
1320687;268;0;977
1326733;269;1;977
1332777;268;1;976
1338819;268;0;977
1344862;268;0;977
1350906;268;0;977
1356980;269;0;977
1362994;269;0;976
1369051;268;-1;976
1375082;269;0;977
1381127;268;1;977
1387171;269;0;977
1393212;268;1;977
1399274;267;0;977
1405300;268;0;977
1411356;268;0;976
1417388;268;0;976
1423434;268;0;977
1429476;268;0;977