261;0;0;0
265;0;0;0
269;0;0;0
273;0;0;0
277;0;0;0
281;0;0;0
285;0;0;0
289;0;0;0
293;0;0;0
297;0;0;0
301;0;0;0
305;0;0;0
309;0;0;0
313;0;0;0
317;0;0;0
321;0;0;0
325;0;0;0
329;0;0;0
333;0;0;0
337;0;0;0
341;0;0;0
345;0;0;0
349;0;0;0
353;0;0;0
357;0;0;0
361;0;0;0
365;0;0;0
369;0;0;0
373;0;0;0
377;0;0;0
381;0;0;0
385;0;0;0
389;0;0;0
393;0;0;0
397;0;0;0
401;0;0;0
405;0;0;0
409;0;0;0
413;0;0;0
417;0;0;0
421;0;0;0
425;0;0;0
429;0;0;0
433;0;0;0
437;0;0;0
441;0;0;0
445;0;0;0
449;0;0;0
453;0;0;0
457;0;0;0
461;0;0;0
465;0;0;0
469;0;0;0
473;0;0;0
477;0;0;0
481;0;0;0
485;0;0;0
489;0;0;0
493;0;0;0
497;0;0;0
501;0;0;0
505;0;0;0
509;0;0;0
513;0;0;0
517;0;0;0
521;0;0;0
525;0;0;0
529;0;0;0
533;0;0;0
537;0;0;0
541;0;0;0
545;0;0;0
549;0;0;0
553;0;0;0
557;0;0;0
561;0;0;0
565;0;0;0
569;0;0;0
573;0;0;0
577;0;0;0
581;0;0;0
585;0;0;0
589;0;0;0
593;0;0;0
597;0;0;0
601;0;0;0
605;0;0;0
609;0;0;0
613;0;0;0
617;0;0;0
621;0;0;0
625;0;0;0
629;0;0;0
633;0;0;0
637;0;0;0
641;0;0;0
645;0;0;0
649;0;0;0
653;0;0;0
657;0;0;0
661;0;0;0
665;0;0;0
669;0;0;0
673;0;0;0
677;0;0;0
681;0;0;0
685;0;0;0
689;0;0;0
693;0;0;0
697;0;0;0
701;0;0;0
705;0;0;0
709;0;0;0
713;0;0;0
717;0;0;0
721;0;0;0
725;0;0;0
729;0;0;0
733;0;0;0
737;0;0;0
741;0;0;0
745;0;0;0
749;0;0;0
753;0;0;0
757;0;0;0
761;0;0;0
765;0;0;0
769;0;0;0
773;0;0;0
777;0;0;0
781;0;0;0
785;0;0;0
789;0;0;0
793;0;0;0
797;0;0;0
801;0;0;0
805;0;0;0
809;0;0;0
813;0;0;0
817;0;0;0
821;0;0;0
825;0;0;0
829;0;0;0
833;0;0;0
837;0;0;0
841;0;0;0
845;0;0;0
849;0;0;0
853;0;0;0
857;0;0;0
861;0;0;0
865;0;0;0
869;0;0;0
873;0;0;0
877;0;0;0
881;0;0;0
885;0;0;0
889;0;0;0
893;0;0;0
897;0;0;0
901;0;0;0
905;0;0;0
909;0;0;0
913;0;0;0
917;0;0;0
921;0;0;0
925;0;0;0
929;0;0;0
933;0;0;0
937;0;0;0
941;0;0;0
945;0;0;0
949;0;0;0
953;0;0;0
957;0;0;0
961;0;0;0
965;0;0;0
969;0;0;0
973;0;0;0
977;0;0;0
981;0;0;0
985;0;0;0
989;0;0;0
993;0;0;0
997;0;0;0
1001;0;0;0
1005;0;0;0
1009;0;0;0
1013;0;0;0
1017;0;0;0
1021;0;0;0
1025;0;0;0
1029;0;0;0
1033;0;0;0
1037;0;0;0
1041;0;0;0
1045;0;0;0
1049;0;0;0
1053;0;0;0
1057;0;0;0
1061;0;0;0
1065;0;0;0
1069;0;0;0
1073;0;0;0
1077;0;0;0
1081;0;0;0
1085;0;0;0
1089;0;0;0
1093;0;0;0
1097;0;0;0
1101;0;0;0
1105;0;0;0
1109;0;0;0
1113;0;0;0
1117;0;0;0
1121;0;0;0
1125;0;0;0
1129;0;0;0
1133;0;0;0
1137;0;0;0
1141;0;0;0
1145;0;0;0
1149;0;0;0
1153;0;0;0
1157;0;0;0
1161;0;0;0
1165;0;0;0
1169;0;0;0
1173;0;0;0
1177;0;0;0
1181;0;0;0
1185;0;0;0
1189;0;0;0
1193;0;0;0
1197;0;0;0
1201;0;0;0
1205;0;0;0
1209;0;0;0
1213;0;0;0
1217;0;0;0
1221;0;0;0
1225;0;0;0
1229;0;0;0
1233;0;0;0
1237;0;0;0
1241;0;0;0
1245;0;0;0
1249;0;0;0
1253;0;0;0
1257;0;0;0
1261;0;0;0
1265;0;0;0
1269;0;0;0
1273;0;0;0
1277;0;0;0
1281;0;0;0
1285;0;0;0
1289;0;0;0
1293;0;0;0
1297;0;0;0
1301;670;218;1029
1305;687;226;1008
1309;673;214;1007
1313;682;224;1016
1317;675;230;1013
1321;675;215;1011
1325;676;216;1018
1329;664;211;986
1333;674;223;1034
1337;653;212;1047
1341;667;211;1032
1345;673;211;1007
1349;666;213;1002
1353;671;236;1016
1357;680;219;1028
1361;672;205;1031
1365;676;211;1001
1369;679;237;1003
1373;682;218;988
1377;677;235;1011
1381;669;216;1013
1385;688;217;1034
1389;670;224;979
1393;675;227;1013
1397;668;220;1017
1401;669;858;1001
1405;672;208;1017
1409;666;204;1020
1413;678;218;1021
1417;682;226;1035
1421;680;216;1028
1425;668;223;984
1429;663;208;1043
1433;688;214;1016
1437;669;214;1021
1441;701;259;1031
1445;681;212;1027
1449;677;223;978
1453;683;236;1011
1457;697;212;1005
1461;659;224;1030
1465;686;212;1024
1469;673;244;1021
1473;695;214;1038
1477;674;232;1043
1481;681;213;992
1485;680;207;1029
1489;661;207;1017
1493;668;221;1004
1497;680;238;1009
1501;669;219;1018
1505;672;215;1028
1509;681;197;1016
1513;673;199;1010
1517;679;237;1026
1521;678;217;1027
1525;668;228;1037
1529;673;208;1013
1533;679;220;1016
1537;676;209;1004
1541;671;209;1007
1545;661;218;1030
1549;650;208;1009
1553;668;198;1016
1557;678;216;1017
1561;668;210;1000
1565;675;216;1020
1569;670;223;1034
1573;656;224;1020
1577;669;202;1002
1581;673;226;1005
1585;683;247;1017
1589;665;205;1018
1593;664;206;991
1597;680;217;1011
1601;673;211;1014
1605;680;224;1042
1609;675;225;1004
1613;678;215;984
1617;686;211;1018
1621;664;227;1033
1625;668;221;1017
1629;675;228;1029
1633;681;216;1024
1637;691;212;1020
1641;682;242;992
1645;666;204;1021
1649;672;211;1033
1653;672;218;1009
1657;667;229;1010
1661;661;222;1013
1665;663;233;1003
1669;653;228;1019
1673;671;206;1036
1677;681;210;1016
1681;679;221;1022
1685;675;205;1016
1689;671;221;986
1693;663;225;1026
1697;679;207;1031
1701;665;216;1015
1705;674;201;1034
1709;680;212;989
1713;667;219;1023
1717;669;219;1005
1721;674;217;1020
1725;669;224;1040
1729;666;218;1011
1733;663;216;1000
1737;677;224;1002
1741;673;203;1011
1745;675;202;1022
1749;660;217;988
1753;673;213;998
1757;661;206;1010
1761;688;225;1015
1765;662;215;1022
1769;667;219;1038
1773;675;221;1031
1777;679;213;1010
1781;678;229;993
1785;673;220;1017
1789;684;222;1004
1793;675;223;1007
1797;675;222;998
1801;670;233;1015
1805;664;213;997
1809;682;195;978
1813;671;232;1000
1817;676;207;972
1821;679;221;1014
1825;682;220;1013
1829;688;219;1003
1833;673;215;1022
1837;664;238;1030
1841;674;218;1014
1845;675;223;1060
1849;670;218;1008
1853;672;210;1028
1857;671;219;1006
8383;670;215;1000
14224;668;214;1004
20262;667;215;1006
26300;1310;274;395
32349;1308;272;392
38410;1307;271;395
